# Race: Monterosa Walserwaeg by UTMB 2025 - Les Sentiers des Valdôtains
# Distance: 122 km
# D+: 8400 m
# D-: 8400 m
# Date: 2025-07-18
# URL: https://live.utmb.world/mrwwbyutmb/2025
bib,name,country,age,sex,category,club,utmb_profile_url,utmb_index,rank_scratch,rank_sex,rank_category,race_time,race_time_seconds,is_finisher,status,utmb_score
5,Simone CORSINI,IT,33,H,20-34M,Hoka Italy,https://utmb.world/runner/653561.simone.corsini,829.0,1.0,1.0,1.0,16:41:13,60073.76,True,f,
7,Ivan HRASTOVEC,SI,40,H,40-44M,,https://utmb.world/runner/56806.ivan.hrastovec,816.0,2.0,2.0,1.0,17:02:56,61376.26,True,f,
9,Daniele CALANDRI,IT,42,H,40-44M,InRun,https://utmb.world/runner/588534.daniele.calandri,795.0,3.0,3.0,2.0,17:54:31,64471.02,True,f,
2,Fabiola CONTI,IT,30,F,20-34W,Mud&Snow/Otso,https://utmb.world/runner/4005177.fabiola.conti,786.0,4.0,1.0,1.0,18:02:01,64921.75,True,f,
17,Arnaud LEJEUNE,FR,46,H,45-49M,,https://utmb.world/runner/7.arnaud.lejeune,770.0,5.0,4.0,1.0,18:18:47,65927.68,True,f,
31,Andrea VISINONI,IT,25,H,20-34M,InRun,https://utmb.world/runner/4482889.andrea.visinoni,743.0,6.0,5.0,2.0,18:30:41,66641.67,True,f,
40,Titouan ANDRÉ,FR,31,H,20-34M,,https://utmb.world/runner/658481.titouan.andre,723.0,7.0,6.0,3.0,18:39:40,67180.7,True,f,
41,Valentin MAURY,FR,26,H,20-34M,ANNECY ATHLETISME,https://utmb.world/runner/4392490.valentin.maury,714.0,8.0,7.0,4.0,18:57:09,68229.69,True,f,
8,Mathieu ESMIEU,FR,29,H,20-34M,Guillestrois Queyras,https://utmb.world/runner/506658.mathieu.esmieu,805.0,9.0,8.0,5.0,19:26:39,69999.18,True,f,
35,Candide GABIOUD,CH,41,H,40-44M,AlpsXperience,https://utmb.world/runner/20170.candide.gabioud,734.0,10.0,9.0,3.0,19:37:47,70667.29,True,f,
36,Jules-Henri GABIOUD,CH,38,H,35-39M,Scarpa Karpos,https://utmb.world/runner/20156.juleshenri.gabioud,734.0,10.0,9.0,1.0,19:37:47,70667.0,True,f,
13,Matthias MOUCHART,FR,33,H,20-34M,Team Ravanel & Co,https://utmb.world/runner/240073.matthias.mouchart,771.0,12.0,11.0,6.0,19:44:47,71087.59,True,f,
33,Mattia NEGRO,IT,34,H,20-34M,,https://utmb.world/runner/4044636.mattia.negro,740.0,13.0,12.0,7.0,19:48:37,71317.33,True,f,
61,Alexandre BECKERS,BE,31,H,20-34M,,https://utmb.world/runner/6528135.alexandre.beckers,669.0,14.0,13.0,8.0,19:53:32,71612.98,True,f,
73,Piotr HYŻY,PL,45,H,45-49M,Bonnie & Clyde,https://utmb.world/runner/199371.piotr.hyzy,628.0,15.0,14.0,2.0,20:13:35,72815.66,True,f,
137,Michael GIOVETTI,IT,29,H,20-34M,,https://utmb.world/runner/5400600.michael.giovetti,601.0,16.0,15.0,9.0,20:13:59,72839.24,True,f,
106,Jean Louis VALLET,IT,48,H,45-49M,Atletica Monterosa Fogu,https://utmb.world/runner/2349315.jeanlouis.vallet,623.0,17.0,16.0,3.0,20:14:32,72872.9,True,f,
54,Federico DELLE MONACHE,IT,46,H,45-49M,D+TRAIL,https://utmb.world/runner/296077.federico.dellemonache,689.0,18.0,17.0,4.0,20:22:50,73370.51,True,f,
15,Lisa BORZANI,IT,46,F,45-49W,Trailored4you - Bergamo Stars Atletica,https://utmb.world/runner/5557951.lisa.borzani,674.0,19.0,2.0,1.0,20:34:26,74066.0,True,f,
50,Romain JAY,FR,41,H,40-44M,,https://utmb.world/runner/193810.romain.jay,690.0,20.0,18.0,4.0,21:01:01,75661.99,True,f,
10,Emily VAUDAN,CH,42,F,40-44W,Verbier/Val de Bagnes,https://utmb.world/runner/20837.emily.vaudan,629.0,21.0,3.0,1.0,21:04:16,75856.96,True,f,
159,Evanne BLANCHARD,FR,35,F,35-39W,Annecy Athlétisme,https://utmb.world/runner/2034311.evanne.blanchard,588.0,22.0,4.0,1.0,21:07:20,76040.72,True,f,
120,Flaviano BIANCHINI,IT,43,H,40-44M,,https://utmb.world/runner/4511670.flaviano.bianchini,612.0,23.0,19.0,5.0,21:22:55,76975.41,True,f,
86,Nicolas ZALEJSKI,FR,36,H,35-39M,macadam 07,https://utmb.world/runner/329675.nicolas.zalejski,655.0,24.0,20.0,2.0,21:31:19,77479.17,True,f,
68,Andrea ZECCHINATO,IT,41,H,40-44M,Bolf Team,https://utmb.world/runner/4293512.andrea.zecchinato,661.0,25.0,21.0,6.0,21:39:15,77955.49,True,f,
37,Mauro MASSIMI,IT,39,H,35-39M,ASD FREAKS ALL AROUND,https://utmb.world/runner/4986330.mauro.massimi,735.0,26.0,22.0,3.0,21:39:45,77985.37,True,f,
62,Francis BOUTONNET,FR,51,H,50-54M,,https://utmb.world/runner/1157895.francis.boutonnet,668.0,27.0,23.0,1.0,21:41:02,78062.38,True,f,
80,Hans VAN CAUTEREN,BE,29,H,20-34M,,https://utmb.world/runner/6709550.hans.vancauteren,646.0,28.0,24.0,10.0,21:41:54,78114.74,True,f,
111,Gabriel BUTOI,RO,42,H,40-44M,,https://utmb.world/runner/4532088.gabriel.butoi,622.0,29.0,25.0,7.0,21:43:52,78232.58,True,f,
74,Baptiste LE MENEC,FR,25,H,20-34M,Saint-Brieuc Triathlon,https://utmb.world/runner/4210606.baptiste.lemenec,650.0,30.0,26.0,11.0,21:47:14,78434.28,True,f,
196,Denis DONZEL,IT,23,H,20-34M,Lucianaz Café ,https://utmb.world/runner/5595494.denis.donzel,569.0,31.0,27.0,12.0,21:49:23,78563.85,True,f,
183,Leonard FÉVRIER-CROIZIER,FR,29,H,20-34M,,https://utmb.world/runner/6148228.leonard.fevriercroizier,575.0,32.0,28.0,13.0,21:53:36,78816.15,True,f,
77,Jiří VAINERT,CZ,55,H,55-59M,DaniEllaHop,https://utmb.world/runner/806395.jiri.vainert,650.0,33.0,29.0,1.0,21:54:47,78887.42,True,f,
59,Alessandro MIGLIORE,IT,39,H,35-39M,Atletica Alpini Trofarello,https://utmb.world/runner/1461475.alessandro.migliore,672.0,34.0,30.0,4.0,22:01:14,79274.55,True,f,
44,Jason CUISSET,BE,32,H,20-34M,,https://utmb.world/runner/3859649.jason.cuisset,705.0,35.0,31.0,14.0,22:06:58,79618.66,True,f,
131,Clément GERBER,CH,34,H,20-34M,,https://utmb.world/runner/4475876.clement.gerber,607.0,36.0,32.0,15.0,22:16:21,80181.31,True,f,
85,Till WINKLER,DE,49,H,45-49M,3MOUNTAINTRAIL,https://utmb.world/runner/81120.till.winkler,639.0,37.0,33.0,5.0,22:16:22,80182.8,True,f,
93,Gabriele FRASCONÀ,IT,41,H,40-44M,TriFunFit Club,https://utmb.world/runner/6102670.gabriele.frascona,634.0,38.0,34.0,8.0,22:20:12,80412.96,True,f,
66,Alessandro PEDERZOLI,IT,41,H,40-44M,Leopodistica asd,https://utmb.world/runner/3636153.alessandro.pederzoli,662.0,39.0,35.0,9.0,22:41:24,81684.74,True,f,
39,Alessandro GIOVINETTI,IT,35,H,35-39M,Up&Down Piacenza Natural asd,https://utmb.world/runner/599960.alessandro.giovinetti,728.0,40.0,36.0,5.0,22:46:00,81960.93,True,f,
60,Jacopo AMBROSINI,IT,32,H,20-34M,Gran Sasso Trail a.s.d. ,https://utmb.world/runner/5297470.jacopo.ambrosini,670.0,41.0,37.0,16.0,22:54:18,82458.02,True,f,
119,Geza OSZACZKI,HU,46,H,45-49M,,https://utmb.world/runner/62926.geza.oszaczki,611.0,42.0,38.0,6.0,22:57:11,82631.43,True,f,
98,Adrien TOULY,FR,38,H,35-39M,Metz Triathlon,https://utmb.world/runner/5067533.adrien.touly,633.0,43.0,39.0,6.0,23:03:18,82998.98,True,f,
121,Rinaldo NAVILLOD,IT,53,H,50-54M,MONTAGNESPRIT,https://utmb.world/runner/5518986.rinaldo.navillod,612.0,44.0,40.0,2.0,23:16:18,83778.28,True,f,
65,Alessandro ROLFINI,IT,35,H,35-39M,Gli Orchi trailers ASD,https://utmb.world/runner/1499747.alessandro.rolfini,661.0,45.0,41.0,7.0,23:16:22,83782.1,True,f,
294,Sylvain WUCHER ZEKKOUT,FR,42,H,40-44M,JEFF B TRAIL,https://utmb.world/runner/2970595.sylvain.wucherzekkout,527.0,46.0,42.0,10.0,23:27:18,84438.99,True,f,
25,Giulia ZANOVELLO,IT,35,F,35-39W,,https://utmb.world/runner/2017531.giulia.zanovello,626.0,47.0,5.0,2.0,23:38:20,85100.54,True,f,
162,Axel IZABEL,FR,25,H,20-34M,,https://utmb.world/runner/6551009.axel.izabel,586.0,48.0,43.0,17.0,23:39:20,85160.55,True,f,
129,Katarzyna ZYCH,PL,46,F,45-49W,Bonnie & Clyde,https://utmb.world/runner/1476293.katarzyna.zych,600.0,49.0,6.0,2.0,23:43:57,85437.6,True,f,
145,Christophe DIETRICH,FR,55,H,55-59M,Colmar Trail Aventures,https://utmb.world/runner/3382811.christophe.dietrich,596.0,50.0,44.0,2.0,23:45:04,85504.0,True,f,
51,Enzo BENVENUTO,IT,51,H,50-54M,Team NoLIMITS,https://utmb.world/runner/290944.enzo.benvenuto,690.0,51.0,45.0,3.0,23:49:13,85753.48,True,f,
303,Giulio MONTI,IT,48,H,45-49M,GIS,https://utmb.world/runner/230504.giulio.monti,523.0,52.0,46.0,7.0,23:54:53,86093.54,True,f,
79,Guillaume BUYDENS,BE,32,H,20-34M,Team MCP,https://utmb.world/runner/4222723.guillaume.buydens,646.0,53.0,47.0,18.0,23:55:47,86147.88,True,f,
150,Valentin BRARD,FR,28,H,20-34M,ALL JURA TRAIL,https://utmb.world/runner/4292759.valentin.brard,591.0,54.0,48.0,19.0,23:55:53,86153.45,True,f,
548,Maciej KOWALSKI,PL,45,H,45-49M,,https://utmb.world/runner/6603717.maciej.kowalski,,55.0,49.0,8.0,24:09:40,86980.11,True,f,
178,Vincent BEAUDOT,FR,40,H,40-44M,,https://utmb.world/runner/339909.vincent.beaudot,576.0,56.0,50.0,11.0,24:21:13,87673.54,True,f,
142,Gabriel PETRIDIS DEROSSI,CA,35,H,35-39M,,https://utmb.world/runner/4758120.gabriel.petridisderossi,598.0,57.0,51.0,8.0,24:27:12,88032.43,True,f,
19,Ildiko WERMESCHER,DE,60,F,60-64W,Hoka,https://utmb.world/runner/18984.ildiko.wermescher,644.0,58.0,7.0,1.0,24:28:12,88092.39,True,f,
117,Matteo COMÉ,IT,37,H,35-39M,Asd Ollomont,https://utmb.world/runner/4153836.matteo.come,620.0,59.0,52.0,9.0,24:29:31,88171.27,True,f,
290,Danilo DANGELI,IT,30,H,20-34M,,https://utmb.world/runner/5400604.danilo.dangeli,527.0,60.0,53.0,20.0,24:29:59,88199.71,True,f,
300,Emmanuel COULOMBEL,FR,48,H,45-49M,,https://utmb.world/runner/5019345.emmanuel.coulombel,524.0,61.0,54.0,9.0,24:30:15,88215.71,True,f,
123,Antoine CHRISTE,CH,37,H,35-39M,Team Gotthardskimo,https://utmb.world/runner/1478765.antoine.christe,611.0,62.0,55.0,10.0,24:31:03,88263.13,True,f,
128,Kevin HOSSELET,BE,38,H,35-39M,ECK,https://utmb.world/runner/1495061.kevin.hosselet,608.0,63.0,56.0,11.0,24:31:20,88280.15,True,f,
55,Catalin FLORESCU,RO,43,H,40-44M,,https://utmb.world/runner/286352.catalin.florescu,688.0,64.0,57.0,12.0,24:31:31,88291.55,True,f,
87,Marcus STUDENER,DE,49,H,45-49M,www.mountainsports.run,https://utmb.world/runner/57201.marcus.studener,638.0,65.0,58.0,10.0,24:37:36,88656.56,True,f,
126,Dino Franco NOLLY,IT,54,H,50-54M,,https://utmb.world/runner/482762.dinofranco.nolly,608.0,66.0,59.0,4.0,24:39:09,88749.99,True,f,
140,Riccardo EULOGIO,IT,49,H,45-49M,Pietro Micca Biella Running,https://utmb.world/runner/60586.riccardo.eulogio,600.0,67.0,60.0,11.0,24:49:47,89387.84,True,f,
184,Jérôme TEXERAUD,FR,46,H,45-49M,,https://utmb.world/runner/520387.jerome.texeraud,575.0,68.0,61.0,12.0,24:52:26,89546.2,True,f,
105,Francesco CARBONE,IT,33,H,20-34M,ASD Inrun,https://utmb.world/runner/4672580.francesco.carbone,627.0,69.0,62.0,21.0,24:56:52,89812.28,True,f,
187,Paolo PAJARO,IT,67,H,65-69M,Bergamo Stars Atletica - Trailored4you,https://utmb.world/runner/59325.paolo.pajaro,574.0,70.0,63.0,1.0,24:57:47,89867.18,True,f,
215,Paolo FAVRE,IT,38,H,35-39M,,https://utmb.world/runner/3093363.paolo.favre,570.0,71.0,64.0,12.0,24:59:37,89977.54,True,f,
151,Bogdan BRUMBEA,RO,43,H,40-44M,Mures Runners,https://utmb.world/runner/1238853.bogdan.brumbea,591.0,72.0,65.0,13.0,25:09:15,90555.7,True,f,
127,Michele LEONI,IT,38,H,35-39M,,https://utmb.world/runner/4254943.michele.leoni,608.0,73.0,66.0,13.0,25:10:36,90636.45,True,f,
104,Jeroen WIT,NL,47,H,45-49M,Stoere Plannen,https://utmb.world/runner/3413517.jeroen.wit,628.0,74.0,67.0,13.0,25:11:57,90717.88,True,f,
103,Vincent NASSOY,FR,40,H,40-44M,Quatz trotteurs,https://utmb.world/runner/4696462.vincent.nassoy,629.0,75.0,68.0,14.0,25:14:01,90841.75,True,f,
197,Mauro VIERIN,IT,56,H,55-59M,Polisportiva Sant'Orso Aosta,https://utmb.world/runner/4153847.mauro.vierin,569.0,76.0,69.0,3.0,25:16:14,90974.96,True,f,
296,Alessandra JOLY,IT,52,F,50-54W,,https://utmb.world/runner/482969.alessandra.joly,534.0,77.0,8.0,1.0,25:16:18,90978.45,True,f,
474,Luca TORDI,IT,35,H,35-39M,,https://utmb.world/runner/5249314.luca.tordi,450.0,78.0,70.0,14.0,25:19:25,91165.15,True,f,
288,Alexandre LAMBIEL,CH,43,H,40-44M,,https://utmb.world/runner/144318.alexandre.lambiel,530.0,79.0,71.0,15.0,25:23:00,91380.39,True,f,
97,Umberto ALLADIO,IT,42,H,40-44M,Podistica Valle Grana,https://utmb.world/runner/600130.umberto.alladio,632.0,80.0,72.0,16.0,25:25:06,91506.77,True,f,
94,Marco BORSANI,IT,29,H,20-34M,,https://utmb.world/runner/4629840.marco.borsani,633.0,81.0,73.0,22.0,25:28:45,91725.82,True,f,
82,Remi THÜSS,NL,28,H,20-34M,GVAV Groningen,https://utmb.world/runner/6865613.remi.thuss,645.0,82.0,74.0,23.0,25:29:19,91759.27,True,f,
160,Tobias Ernesto GRAMAJO,AR,51,H,50-54M,La Sportiva,https://utmb.world/runner/158137.tobiasernesto.gramajo,587.0,83.0,75.0,5.0,25:31:09,91869.43,True,f,
108,Laurent CUNEAZ,IT,45,H,45-49M,,https://utmb.world/runner/65246.laurent.cuneaz,621.0,84.0,76.0,14.0,25:31:12,91872.13,True,f,
226,Maxime VENTURELLI,BE,33,H,20-34M,,https://utmb.world/runner/1458669.maxime.venturelli,596.0,85.0,77.0,24.0,25:32:48,91968.08,True,f,
168,Davide ENRIONE,IT,44,H,40-44M,,https://utmb.world/runner/526251.davide.enrione,583.0,86.0,78.0,17.0,25:35:16,92116.84,True,f,
205,Gabriele INCERTI,IT,53,H,50-54M,stone trail team,https://utmb.world/runner/5220692.gabriele.incerti,564.0,87.0,79.0,6.0,25:35:43,92143.82,True,f,
107,David GUILLIER,FR,40,H,40-44M,,https://utmb.world/runner/4007595.david.guillier,625.0,88.0,80.0,18.0,25:39:28,92368.42,True,f,
114,Ivan SABUROV,,35,H,35-39M,,https://utmb.world/runner/3076667.ivan.saburov,629.0,89.0,81.0,15.0,25:41:00,92460.34,True,f,
192,Andrei ZAMFIR,RO,37,H,35-39M,Natural High,https://utmb.world/runner/1239899.andrei.zamfir,581.0,90.0,82.0,16.0,25:41:19,92479.53,True,f,
198,Rupert JONES-WARNER,GB,34,H,20-34M,Suunto UK,https://utmb.world/runner/1774311.rupert.joneswarner,569.0,91.0,83.0,25.0,25:41:25,92485.32,True,f,
339,Omar BERGO,IT,38,H,35-39M,GS FAVARO,https://utmb.world/runner/4281009.omar.bergo,510.0,92.0,84.0,17.0,25:42:47,92567.12,True,f,
175,Davide MONTORSI,IT,46,H,45-49M,Mud & Snow trail team,https://utmb.world/runner/3289369.davide.montorsi,577.0,93.0,85.0,15.0,25:46:26,92786.37,True,f,
72,Robin GAILLARDET,FR,32,H,20-34M,ORIGINES Annecy,https://utmb.world/runner/3999569.robin.gaillardet,654.0,94.0,86.0,26.0,25:49:07,92947.14,True,f,
269,Ludovic JORSIN,FR,42,H,40-44M,TEAM CAHEZ,https://utmb.world/runner/904273.ludovic.jorsin,538.0,94.0,86.0,19.0,25:49:07,92947.05,True,f,
229,Laura WUCHER,FR,36,F,35-39W,Jeff B Trail,https://utmb.world/runner/337322.laura.wucher,555.0,96.0,9.0,3.0,25:49:24,92964.01,True,f,
268,Robert ENE,GB,49,H,45-49M,,https://utmb.world/runner/2200687.robert.ene,538.0,97.0,88.0,16.0,25:53:05,93185.79,True,f,
394,Arthur SCHAEFFER,FR,32,H,20-34M,JeffB Trail,https://utmb.world/runner/3992724.arthur.schaeffer,487.0,98.0,89.0,27.0,25:56:23,93383.86,True,f,
180,Michal LACHOWICZ,CZ,34,H,20-34M,,https://utmb.world/runner/5351846.michal.lachowicz,576.0,99.0,90.0,28.0,25:56:35,93395.4,True,f,
56,Alessio CESARONI,IT,29,H,20-34M,Serrata,https://utmb.world/runner/4409924.alessio.cesaroni,682.0,100.0,91.0,29.0,26:12:30,94350.63,True,f,
122,Federico MORA,IT,39,H,35-39M,,https://utmb.world/runner/3302525.federico.mora,609.0,100.0,91.0,18.0,26:12:30,94350.52,True,f,
125,Alexis TERRAPON,CH,31,H,20-34M,,https://utmb.world/runner/4046530.alexis.terrapon,610.0,102.0,93.0,30.0,26:17:38,94658.6,True,f,
567,Alan Michael GASPARD,IT,39,H,35-39M,Monterosa,https://utmb.world/runner/3320461.alanmichael.gaspard,,103.0,94.0,19.0,26:19:58,94798.95,True,f,
165,Michele AIELLO,IT,30,H,20-34M,,https://utmb.world/runner/4635638.michele.aiello,584.0,103.0,94.0,31.0,26:19:58,94798.89,True,f,
246,Kazuki MATSUMURA,JP,39,H,35-39M,,https://utmb.world/runner/4111378.kazuki.matsumura,549.0,105.0,96.0,20.0,26:20:03,94803.92,True,f,
57,Lauric DANGUY,FR,32,H,20-34M,running conseil jura,https://utmb.world/runner/1431669.lauric.danguy,675.0,106.0,97.0,32.0,26:21:14,94874.02,True,f,
173,Fridolin EINWALD,DE,32,H,20-34M,RC Badenweiler,https://utmb.world/runner/3904695.fridolin.einwald,579.0,107.0,98.0,33.0,26:31:29,95489.29,True,f,
200,Leonardo GIANOLA,IT,45,H,45-49M,A.S.Premana,https://utmb.world/runner/5118856.leonardo.gianola,568.0,108.0,99.0,17.0,26:34:07,95647.56,True,f,
139,Benjamin KAUFMANN,FR,33,H,20-34M,La Foulée Romaine - Athlé Vaison Ventoux,https://utmb.world/runner/1325165.benjamin.kaufmann,600.0,109.0,100.0,34.0,26:34:22,95662.88,True,f,
236,Thomas GOURGAS,FR,35,H,35-39M,,https://utmb.world/runner/678678.thomas.gourgas,552.0,110.0,101.0,21.0,26:43:23,96203.86,True,f,
563,Thilo BALESTIER,FR,37,H,35-39M,,https://utmb.world/runner/6855887.thilo.balestier,,111.0,102.0,22.0,26:45:10,96310.95,True,f,
70,Lucas VUAGNOUX,FR,20,H,20-34M,NENON RACE,https://utmb.world/runner/4943519.lucas.vuagnoux,672.0,112.0,103.0,35.0,26:46:47,96407.57,True,f,
91,Fabien BORNES,FR,46,H,45-49M,Aurillac Athlétisme,https://utmb.world/runner/3080559.fabien.bornes,635.0,113.0,104.0,18.0,26:50:26,96626.45,True,f,
381,Augustin VAN DER ELST,FR,26,H,20-34M,,https://utmb.world/runner/4824986.augustin.vanderelst,494.0,114.0,105.0,36.0,26:50:29,96629.71,True,f,
557,Dan FOWLER,GB,27,H,20-34M,,https://utmb.world/runner/6179293.dan.fowler,,115.0,106.0,37.0,26:51:51,96711.52,True,f,
417,Paolo BOSONIN,IT,40,H,40-44M,,https://utmb.world/runner/5754993.paolo.bosonin,476.0,116.0,107.0,20.0,26:52:42,96762.28,True,f,
254,Alexandre FAURY,FR,45,H,45-49M,,https://utmb.world/runner/1093217.alexandre.faury,545.0,117.0,108.0,19.0,26:52:45,96765.06,True,f,
193,Krzysztof PODGÓRSKI,PL,36,H,35-39M,,https://utmb.world/runner/3376183.krzysztof.podgorski,570.0,118.0,109.0,23.0,26:54:42,96882.39,True,f,
154,Sam CLAEYS,BE,35,H,35-39M,Born to run,https://utmb.world/runner/6709552.sam.claeys,590.0,119.0,110.0,24.0,26:58:46,97126.02,True,f,
78,Aleksei POKREVSKIY,AN,40,H,40-44M,,https://utmb.world/runner/549384.aleksei.pokrevskiy,645.0,120.0,111.0,21.0,27:03:12,97392.15,True,f,
155,George MANASTIREANU,RO,50,H,50-54M,Sportul pentru tine,https://utmb.world/runner/4204635.george.manastireanu,590.0,121.0,112.0,7.0,27:05:37,97537.94,True,f,
248,Fabrizio CAPRA,IT,52,H,50-54M,,https://utmb.world/runner/266633.fabrizio.capra,548.0,122.0,113.0,8.0,27:05:53,97553.92,True,f,
167,Maurice-Miguel BOEREN,DE,27,H,20-34M,,https://utmb.world/runner/4174869.mauricemiguel.boeren,583.0,123.0,114.0,38.0,27:17:34,98254.01,True,f,
489,Raphaël MERANCIENNE,FR,31,H,20-34M,SARTORIUS COACHING,https://utmb.world/runner/6286078.raphael.merancienne,434.0,124.0,115.0,39.0,27:43:05,99785.55,True,f,
261,Marco Giampietro COZZI,IT,35,H,35-39M,,https://utmb.world/runner/4570126.marcogiampietro.cozzi,541.0,125.0,116.0,25.0,27:48:03,100083.15,True,f,
253,Edoardo ORLANDI,IT,31,H,20-34M,"Team Under 2,5",https://utmb.world/runner/4570132.edoardo.orlandi,546.0,126.0,117.0,40.0,27:48:04,100084.73,True,f,
382,Tomaž KRISTAVČNIK,SI,49,H,45-49M,,https://utmb.world/runner/60022.tomaz.kristavcnik,501.0,127.0,118.0,20.0,27:53:10,100390.23,True,f,
219,Jouni VISKARI,FI,51,H,50-54M,Samba Trail Running Club,https://utmb.world/runner/1447123.jouni.viskari,558.0,128.0,119.0,9.0,27:54:04,100444.66,True,f,
260,Robert WEISSEN,CH,32,H,20-34M,tripl3.ch,https://utmb.world/runner/4996885.robert.weissen,542.0,129.0,120.0,41.0,27:55:39,100539.51,True,f,
218,Alice BRÜLHART,CH,29,F,20-34W,,https://utmb.world/runner/6380434.alice.brulhart,559.0,130.0,10.0,2.0,27:59:30,100770.17,True,f,
245,Stephane LAFARGE,FR,53,H,50-54M,Beaumont Athletic Club,https://utmb.world/runner/38179.stephane.lafarge,549.0,131.0,121.0,10.0,28:05:32,101132.69,True,f,
115,Wout DE CLERCQ,BE,30,H,20-34M,,https://utmb.world/runner/5141194.wout.declercq,620.0,132.0,122.0,42.0,28:05:44,101144.67,True,f,
560,Chiara TALLIA,IT,47,F,45-49W,Trail monte casto,https://utmb.world/runner/30724.chiara.tallia,,133.0,11.0,3.0,28:13:09,101589.24,True,f,
270,Jacopo BONALDI,IT,34,H,20-34M,Herne Hill Harriers,https://utmb.world/runner/4148664.jacopo.bonaldi,538.0,134.0,123.0,43.0,28:13:23,101603.89,True,f,
434,Carlo BAGLIONI,IT,41,H,40-44M,TriPeak Asd,https://utmb.world/runner/6763395.carlo.baglioni,465.0,135.0,124.0,22.0,28:25:34,102334.37,True,f,
283,Paolo SCATOLINI,IT,53,H,50-54M,ASD ATLETICA MALNATE,https://utmb.world/runner/158194.paolo.scatolini,534.0,136.0,125.0,11.0,28:25:40,102340.48,True,f,
323,Antonio RENNA,IT,52,H,50-54M,Splendor 1922,https://utmb.world/runner/3560907.antonio.renna,514.0,137.0,126.0,12.0,28:30:42,102642.48,True,f,
241,Mauro CAGLIANO,IT,42,H,40-44M,La Vetta Running,https://utmb.world/runner/2600955.mauro.cagliano,549.0,138.0,127.0,23.0,28:31:06,102666.43,True,f,
235,Federico FIGUCCIA,IT,34,H,20-34M,G.S orecchiella,https://utmb.world/runner/4412620.federico.figuccia,552.0,139.0,128.0,44.0,28:41:42,103302.05,True,f,
250,Francesco PALMINTERI,IT,44,H,40-44M,ASD Trail Running Brescia,https://utmb.world/runner/3788017.francesco.palminteri,548.0,140.0,129.0,24.0,28:52:47,103967.316,True,f,
255,Povilas JUNAS,LT,39,H,35-39M,Vilnius running club,https://utmb.world/runner/3553887.povilas.junas,543.0,141.0,130.0,26.0,28:52:54,103974.039,True,f,
267,Pamela SCARANO,IT,42,F,40-44W,APD PONT SAINT MARTIN,https://utmb.world/runner/4519712.pamela.scarano,538.0,142.0,12.0,2.0,28:55:07,104107.9,True,f,
308,Dario BAGNOD,IT,44,H,40-44M,Soc. cima snc,https://utmb.world/runner/5412340.dario.bagnod,521.0,143.0,131.0,25.0,28:55:09,104109.35,True,f,
227,Piero LONGHINI,IT,63,H,60-64M,splendor,https://utmb.world/runner/60592.piero.longhini,532.0,144.0,132.0,1.0,29:01:55,104515.06,True,f,
144,Andrea GUGLIELMETTI,IT,28,H,20-34M,ASD Amici del Mombarone,https://utmb.world/runner/5054502.andrea.guglielmetti,596.0,145.0,133.0,45.0,29:10:58,105058.07,True,f,
185,Alessandro RUATTO,IT,28,H,20-34M,,https://utmb.world/runner/5400630.alessandro.ruatto,572.0,146.0,134.0,46.0,29:11:01,105061.1,True,f,
314,Stefano MARCHIONI,IT,38,H,35-39M,a.p.d. Sporterapia,https://utmb.world/runner/6511899.stefano.marchioni,517.0,147.0,135.0,27.0,29:18:13,105493.74,True,f,
170,Luca BELLISANO,IT,46,H,45-49M,apd sporterapia,https://utmb.world/runner/4792434.luca.bellisano,582.0,148.0,136.0,21.0,29:18:15,105495.35,True,f,
204,Filippo PREZZI,IT,46,H,45-49M,,https://utmb.world/runner/527734.filippo.prezzi,564.0,149.0,137.0,22.0,29:18:47,105527.92,True,f,
542,Massimo RUELE,IT,46,H,45-49M,,https://utmb.world/runner/650934.massimo.ruele,,150.0,138.0,23.0,29:18:48,105528.41,True,f,
292,Massimiliano SASSO,IT,43,H,40-44M,Inrun Asd,https://utmb.world/runner/3320503.massimiliano.sasso,,151.0,139.0,26.0,29:22:38,105758.08,True,f,
213,Stève SCHUMACHER,FR,54,H,50-54M,Colmar Trail Aventures,https://utmb.world/runner/2055813.steve.schumacher,561.0,152.0,140.0,13.0,29:22:48,105768.57,True,f,
249,Pietro ROSSATO,IT,37,H,35-39M,,https://utmb.world/runner/2148791.pietro.rossato,544.0,153.0,141.0,28.0,29:23:32,105812.44,True,f,
281,Mirko MAZZI,IT,49,H,45-49M,Trail Running Project ASD,https://utmb.world/runner/4271785.mirko.mazzi,534.0,154.0,142.0,24.0,29:23:55,105835.87,True,f,
320,Quinten COPPENS,BE,39,H,35-39M,FRAC,https://utmb.world/runner/4820792.quinten.coppens,515.0,155.0,143.0,29.0,29:28:20,106100.52,True,f,
376,Benoit MORELLE,BE,39,H,35-39M,FRAC,https://utmb.world/runner/5298272.benoit.morelle,497.0,156.0,144.0,30.0,29:28:24,106104.58,True,f,
301,Axel PILLON,IT,31,H,20-34M,,https://utmb.world/runner/5462826.axel.pillon,524.0,157.0,145.0,47.0,29:30:39,106239.3,True,f,
234,Marino ROVEYAZ,IT,50,H,50-54M,Zigozago,https://utmb.world/runner/477772.marino.roveyaz,552.0,158.0,146.0,14.0,29:40:13,106813.01,True,f,
156,Basile SZYBOWICZ,FR,27,H,20-34M,,https://utmb.world/runner/4200317.basile.szybowicz,589.0,159.0,147.0,48.0,29:40:51,106851.98,True,f,
259,Sebastien FAVRE,FR,30,H,20-34M,,https://utmb.world/runner/5049300.sebastien.favre,542.0,160.0,148.0,49.0,29:40:52,106852.97,True,f,
556,Ezio GEMELLI,IT,55,H,55-59M,,https://utmb.world/runner/475503.ezio.gemelli,,161.0,149.0,4.0,29:42:10,106930.32,True,f,
199,Jean NELLES,BE,31,H,20-34M,Team Nelles,https://utmb.world/runner/6107062.jean.nelles,569.0,162.0,150.0,50.0,29:42:31,106951.85,True,f,
566,Olivier DEFECHEREUX,BE,46,H,45-49M,NELLES - GS,https://utmb.world/runner/1157771.olivier.defechereux,,163.0,151.0,25.0,29:42:33,106953.66,True,f,
96,Vincenzo TOSI,IT,31,H,20-34M,,https://utmb.world/runner/5302034.vincenzo.tosi,632.0,164.0,152.0,51.0,29:46:36,107196.95,True,f,
407,Giada RUISI,IT,30,F,20-34W,,https://utmb.world/runner/3976424.giada.ruisi,481.0,165.0,13.0,3.0,29:50:12,107412.08,True,f,
186,Massimo MONTICELLI,IT,43,H,40-44M,Run card,https://utmb.world/runner/6642541.massimo.monticelli,554.0,166.0,153.0,27.0,29:53:19,107599.31,True,f,
124,Stefano MARAESSA,IT,46,H,45-49M,,https://utmb.world/runner/3245955.stefano.maraessa,609.0,167.0,154.0,26.0,29:53:21,107601.87,True,f,
361,Davide GAMBIRASIO,IT,34,H,20-34M,Runners Bergamo,https://utmb.world/runner/5220726.davide.gambirasio,502.0,168.0,155.0,52.0,30:01:39,108099.13,True,f,
411,Jérôme METZGER,FR,47,H,45-49M,,https://utmb.world/runner/1627003.jerome.metzger,481.0,169.0,156.0,27.0,30:02:05,108125.14,True,f,
388,Giovanni MOZZONE,IT,57,H,55-59M,BESTIE BARBUTE,https://utmb.world/runner/1098235.giovanni.mozzone,489.0,170.0,157.0,5.0,30:02:28,108148.58,True,f,
181,Luca PIANOFORTE,IT,43,H,40-44M,Climb runner asd,https://utmb.world/runner/2405753.luca.pianoforte,575.0,171.0,158.0,28.0,30:04:04,108244.66,True,f,
256,Mirko-Mario BAGNA,IT,66,H,65-69M,Polisportiva sat orso,https://utmb.world/runner/158136.mirkomario.bagna,544.0,172.0,159.0,2.0,30:08:09,108489.07,True,f,
343,Vittorio BENVENUTI,IT,61,H,60-64M,,https://utmb.world/runner/1060433.vittorio.benvenuti,506.0,173.0,160.0,2.0,30:09:37,108577.45,True,f,
166,Mathias GUILLAUME,BE,31,H,20-34M,TNTB,https://utmb.world/runner/1584915.mathias.guillaume,584.0,174.0,161.0,53.0,30:13:40,108820.6,True,f,
113,Cedric DODRIMONT,BE,41,H,40-44M,TNTB,https://utmb.world/runner/306147.cedric.dodrimont,620.0,175.0,162.0,29.0,30:13:41,108821.05,True,f,
345,Gregory TOUCHEQUE,BE,43,H,40-44M,TNTB,https://utmb.world/runner/232516.gregory.toucheque,506.0,176.0,163.0,30.0,30:13:47,108827.62,True,f,
369,Romain AKOA,FR,31,H,20-34M,,https://utmb.world/runner/4314220.romain.akoa,500.0,177.0,164.0,54.0,30:19:34,109174.61,True,f,
477,Matthieu LAURENT,FR,46,H,45-49M,CAF Marseille Provence,https://utmb.world/runner/244432.matthieu.laurent,437.0,178.0,165.0,28.0,30:25:31,109531.07,True,f,
83,Alberto MARIANI,IT,54,H,50-54M,ASD GRAVELLONA VCO,https://utmb.world/runner/2036225.alberto.mariani,639.0,179.0,166.0,15.0,30:26:49,109609.43,True,f,
406,Tomas BAGDONAS,LT,35,H,35-39M,Amsterdam Trail Runners,https://utmb.world/runner/3078283.tomas.bagdonas,483.0,180.0,167.0,31.0,30:27:57,109677.34,True,f,
161,Maxime RODRIGUEZ,FR,29,H,20-34M,,https://utmb.world/runner/5055082.maxime.rodriguez,586.0,181.0,168.0,55.0,30:33:10,109990.21,True,f,
203,Arthur LECALLIER,FR,28,H,20-34M,,https://utmb.world/runner/5055072.arthur.lecallier,565.0,182.0,169.0,56.0,30:33:11,109991.4,True,f,
194,Andrea BUZZICOTTI,IT,46,H,45-49M,ASD ORVIETO RUNNERS,https://utmb.world/runner/4412960.andrea.buzzicotti,569.0,183.0,170.0,29.0,30:44:44,110684.11,True,f,
274,Bogdan TUSEK,SI,51,H,50-54M,K24ULTRA  INCREDIWEAR,https://utmb.world/runner/4087209.bogdan.tusek,535.0,184.0,171.0,16.0,30:45:26,110726.33,True,f,
358,Bernard LEJEUNE,BE,54,H,50-54M,,https://utmb.world/runner/194561.bernard.lejeune,501.0,185.0,172.0,17.0,30:49:20,110960.95,True,f,
319,Monica CATTANE,IT,51,F,50-54W,Montagnetta Sky Run,https://utmb.world/runner/2645041.monica.cattane,515.0,186.0,14.0,2.0,30:50:46,111046.65,True,f,
341,Daniele MARABOTTINI,IT,38,H,35-39M,15* cerimant esercito italiano,https://utmb.world/runner/3442611.daniele.marabottini,507.0,187.0,173.0,32.0,30:50:54,111054.56,True,f,
221,Gianluca GODANO,IT,40,H,40-44M,Asd Maremontana,https://utmb.world/runner/4704262.gianluca.godano,558.0,188.0,174.0,31.0,30:51:18,111078.8,True,f,
482,Teddy FONTENEAU,FR,38,H,35-39M,,https://utmb.world/runner/6591083.teddy.fonteneau,441.0,189.0,175.0,33.0,30:54:16,111256.56,True,f,
278,Gian Luca VIGNA,IT,54,H,50-54M,,https://utmb.world/runner/5467388.gianluca.vigna,535.0,190.0,176.0,18.0,31:02:03,111723.77,True,f,
109,Rémi PERRIN,FR,49,H,45-49M,TNTB,https://utmb.world/runner/480680.remi.perrin,623.0,191.0,177.0,30.0,31:06:01,111961.54,True,f,
352,Domenico LONGO,IT,55,H,55-59M,dome sport,https://utmb.world/runner/30461.domenico.longo,505.0,192.0,178.0,6.0,31:07:34,112054.27,True,f,
135,Corrado VENTURINI,IT,58,H,55-59M,asd Leopodistica,https://utmb.world/runner/19609.corrado.venturini,606.0,193.0,179.0,7.0,31:16:39,112599.11,True,f,
157,Marco GURIOLI,IT,56,H,55-59M,A.S.D. Leopodistica,https://utmb.world/runner/60136.marco.gurioli,589.0,194.0,180.0,8.0,31:16:40,112600.12,True,f,
118,Pierugo ANGELI,IT,52,H,50-54M,Asd leopodistica,https://utmb.world/runner/196102.pierugo.angeli,617.0,195.0,181.0,19.0,31:16:42,112602.54,True,f,
428,Benoît LEBRUN,FR,48,H,45-49M,Divonne Running,https://utmb.world/runner/270015.benoit.lebrun,469.0,196.0,182.0,31.0,31:20:01,112801.77,True,f,
201,Marcella PONT,IT,40,F,40-44W,Grivel,https://utmb.world/runner/810695.marcella.pont,533.0,197.0,15.0,3.0,31:25:52,113152.6,True,f,
222,Davide CASANOVA,IT,48,H,45-49M,RUNCARD,https://utmb.world/runner/4192985.davide.casanova,558.0,198.0,183.0,32.0,31:25:55,113155.77,True,f,
304,Grégory COURNEIL,FR,46,H,45-49M,,https://utmb.world/runner/2399783.gregory.courneil,523.0,199.0,184.0,33.0,31:26:55,113215.19,True,f,
374,Antoine ARTHUS,FR,55,H,55-59M,Courir à Poisy,https://utmb.world/runner/10100.antoine.arthus,498.0,200.0,185.0,9.0,31:29:57,113397.4,True,f,
251,Enea Stefano TROGLIA,IT,40,H,40-44M,Corio Trail Running Team,https://utmb.world/runner/1852855.eneastefano.troglia,547.0,201.0,186.0,32.0,31:31:51,113511.28,True,f,
336,Massimo MARCONCINI,IT,44,H,40-44M,A.S.D. Courmayeur Trailers,https://utmb.world/runner/42424.massimo.marconcini,509.0,202.0,187.0,33.0,31:31:52,113512.25,True,f,
286,Franco POSSI,IT,61,H,60-64M,PODISTICA ARONA,https://utmb.world/runner/61363.franco.possi,532.0,203.0,188.0,3.0,31:37:13,113833.41,True,f,
237,Luca BANFI,IT,49,H,45-49M,100% Anima Trail,https://utmb.world/runner/366110.luca.banfi,542.0,204.0,189.0,34.0,31:40:34,114034.82,True,f,
356,Claudia MUSSA,IT,56,F,55-59W,Running Center Club Torino,https://utmb.world/runner/3360297.claudia.mussa,478.0,205.0,16.0,1.0,31:45:52,114352.84,True,f,
291,Giorgio TRUCCONE,IT,56,H,55-59M,Running Center Club Torino,https://utmb.world/runner/3360299.giorgio.truccone,532.0,206.0,190.0,10.0,31:45:53,114353.26,True,f,
392,Julien SOULLIERE,FR,39,H,35-39M,JEFFB TRAIL / COLMAR TRAIL AVENTURES,https://utmb.world/runner/586514.julien.soulliere,488.0,207.0,191.0,34.0,31:50:49,114649.15,True,f,
430,Diego MILANI,IT,54,H,50-54M,ASD Inrun,https://utmb.world/runner/2588015.diego.milani,467.0,208.0,192.0,20.0,31:51:23,114683.35,True,f,
188,Luca DURANTI,IT,46,H,45-49M,TRAILORED 4 YOU - ATLETICA TIVOLI,https://utmb.world/runner/3303497.luca.duranti,572.0,208.0,192.0,35.0,31:51:23,114683.29,True,f,
465,Andrea RASO,IT,54,H,50-54M,IN RUN,https://utmb.world/runner/2588017.andrea.raso,450.0,210.0,194.0,21.0,31:51:26,114686.79,True,f,
272,Remy ETHEVE,FR,42,H,40-44M,UA SOCIETE GENERALE,https://utmb.world/runner/242777.remy.etheve,536.0,211.0,195.0,34.0,31:53:47,114827.25,True,f,
494,Bastien POTHIER,FR,36,H,35-39M,,https://utmb.world/runner/845232.bastien.pothier,430.0,212.0,196.0,35.0,31:54:29,114869.26,True,f,
464,Victor LACADÉE,FR,37,H,35-39M,,https://utmb.world/runner/1565679.victor.lacadee,451.0,213.0,197.0,36.0,31:54:30,114870.56,True,f,
449,Claudia Elisabetta ARTAZ,IT,52,F,50-54W,,https://utmb.world/runner/30843.claudiaelisabetta.artaz,457.0,214.0,17.0,3.0,32:06:42,115602.64,True,f,
450,Thomas PUMA,FR,33,H,20-34M,,https://utmb.world/runner/4381416.thomas.puma,456.0,215.0,198.0,57.0,32:07:31,115651.11,True,f,
354,Maria Teresa GIARDI,SM,48,F,45-49W,G.P.A. San Marino,https://utmb.world/runner/1333589.mariateresa.giardi,505.0,216.0,18.0,4.0,32:10:11,115811.06,True,f,
514,Raffaella SCOTTO BUSATO,IT,52,F,50-54W,Gli Orchi Trailers ASD,https://utmb.world/runner/21259.raffaella.scottobusato,402.0,217.0,19.0,4.0,32:10:13,115813.03,True,f,
362,Margot AFFOLTER,CH,27,F,20-34W,,https://utmb.world/runner/6380446.margot.affolter,501.0,218.0,20.0,4.0,32:34:13,117253.32,True,f,
152,Elio GRISERI,IT,60,H,60-64M,MARGUAREIS,https://utmb.world/runner/117623.elio.griseri,593.0,219.0,199.0,4.0,32:34:17,117257.35,True,f,
214,Konrad DLUGOLECKI,PL,47,H,45-49M,BIEGOWA SWIDNICA,https://utmb.world/runner/2568473.konrad.dlugolecki,561.0,220.0,200.0,36.0,32:34:24,117264.28,True,f,
468,Jean Philippe SACHOT,FR,54,H,50-54M,,https://utmb.world/runner/4472103.jeanphilippe.sachot,449.0,221.0,201.0,22.0,32:34:44,117284.85,True,f,
344,Roberto RAPELLI,IT,49,H,45-49M,,https://utmb.world/runner/917521.roberto.rapelli,506.0,222.0,202.0,37.0,32:35:30,117330.81,True,f,
316,Nicola MUNARI,IT,42,H,40-44M,Les 2 Alpes Trail,https://utmb.world/runner/5547724.nicola.munari,517.0,223.0,203.0,35.0,32:40:12,117612.97,True,f,
400,Julien BALESTIER,FR,40,H,40-44M,,https://utmb.world/runner/5137148.julien.balestier,485.0,224.0,204.0,36.0,32:40:13,117613.83,True,f,
191,Luca LAZZARINI,IT,39,H,35-39M,GRAN SASSO TRAIL ASD,https://utmb.world/runner/5388476.luca.lazzarini,572.0,225.0,205.0,37.0,32:44:41,117881.81,True,f,
498,Ezio CARCERERI,IT,61,H,60-64M,,https://utmb.world/runner/2588059.ezio.carcereri,,226.0,206.0,5.0,32:46:37,117997.36,True,f,
466,Giovanni Giuseppe BRACOTTO,IT,60,H,60-64M,,https://utmb.world/runner/354733.giovannigiuseppe.bracotto,450.0,227.0,207.0,6.0,32:46:41,118001.68,True,f,
365,Corrado DISTORT,IT,58,H,55-59M,La Terra di Mezzo Team,https://utmb.world/runner/1718669.corrado.distort,500.0,228.0,208.0,11.0,32:49:27,118167.34,True,f,
242,Domenico TOMASELLO,IT,51,H,50-54M,Feel Like Unicorn,https://utmb.world/runner/1923545.domenico.tomasello,549.0,229.0,209.0,23.0,32:49:31,118171.14,True,f,
228,Massimo PICA,IT,64,H,60-64M,,https://utmb.world/runner/311833.massimo.pica,555.0,230.0,210.0,7.0,32:49:36,118176.48,True,f,
231,Nicolas ROHR,FR,36,H,35-39M,CTA / JeffBTrail,https://utmb.world/runner/4266600.nicolas.rohr,553.0,231.0,211.0,38.0,32:56:05,118565.9,True,f,
389,Delphine BUIRETTE,FR,42,F,40-44W,Jeffbtrail,https://utmb.world/runner/1941215.delphine.buirette,489.0,232.0,21.0,4.0,32:56:07,118567.03,True,f,
511,Roland KAISER,DE,46,H,45-49M,EisernerHans,https://utmb.world/runner/674760.roland.kaiser,404.0,233.0,212.0,38.0,32:56:09,118569.03,True,f,
398,Adriano SCUDIERI,IT,53,H,50-54M,Runaway ASD,https://utmb.world/runner/4008945.adriano.scudieri,484.0,234.0,213.0,24.0,32:56:40,118600.49,True,f,
441,Christophe THIERRY,FR,51,H,50-54M,,https://utmb.world/runner/884517.christophe.thierry,460.0,235.0,214.0,25.0,33:03:16,118996.93,True,f,
413,Spartaco CALVERI,IT,52,H,50-54M,,https://utmb.world/runner/4672658.spartaco.calveri,479.0,236.0,215.0,26.0,33:05:12,119112.35,True,f,
333,Alessandro MORO,IT,50,H,50-54M,LIBERTAS PORCIA,https://utmb.world/runner/757003.alessandro.moro,510.0,237.0,216.0,27.0,33:05:17,119117.86,True,f,
211,Vincent CATTOOR,BE,34,H,20-34M,Corvee,https://utmb.world/runner/4139665.vincent.cattoor,562.0,238.0,217.0,58.0,33:06:20,119180.79,True,f,
327,Karolis URBELIONIS,LT,40,H,40-44M,Vilnius running club,https://utmb.world/runner/5846389.karolis.urbelionis,513.0,239.0,218.0,37.0,33:08:27,119307.11,True,f,
331,Jeet-Lal NICLOU,FR,35,H,35-39M,Trailers des Aravis/Team Trail Aix-Les-Bains,https://utmb.world/runner/4962196.jeetlal.niclou,511.0,240.0,219.0,39.0,33:09:03,119343.0,True,f,
347,Louis DUBUJADOUX,FR,28,H,20-34M,,https://utmb.world/runner/4039379.louis.dubujadoux,506.0,241.0,220.0,59.0,33:19:55,119995.81,True,f,
326,Nicolas VAUDRON,FR,44,H,40-44M,,https://utmb.world/runner/2200153.nicolas.vaudron,513.0,242.0,221.0,38.0,33:20:22,120022.78,True,f,
478,Eleonora SERAFIN,IT,55,F,55-59W,Trailored4you,https://utmb.world/runner/630794.eleonora.serafin,443.0,243.0,22.0,2.0,33:20:42,120042.22,True,f,
285,Angelo PETRONE,IT,51,H,50-54M,podistica solidarietà,https://utmb.world/runner/1342697.angelo.petrone,532.0,244.0,222.0,28.0,33:20:51,120051.74,True,f,
305,Fabio MOLON,IT,43,H,40-44M,La Vetta Running,https://utmb.world/runner/3447445.fabio.molon,522.0,245.0,223.0,39.0,33:21:36,120096.6,True,f,
420,Jaap BAKKER,NL,54,H,50-54M,Stoere Plannen,https://utmb.world/runner/1605647.jaap.bakker,475.0,246.0,224.0,29.0,33:31:46,120706.88,True,f,
315,Gregory FRASELLE,BE,51,H,50-54M,TNTB,https://utmb.world/runner/5292944.gregory.fraselle,,247.0,225.0,30.0,33:36:08,120968.54,True,f,
313,Stéphane BULTEAU,BE,52,H,50-54M,TNTB,https://utmb.world/runner/1010787.stephane.bulteau,,248.0,226.0,31.0,33:36:09,120969.84,True,f,
551,Samuel VERMEESCH,BE,46,H,45-49M,TNTB,https://utmb.world/runner/2570197.samuel.vermeesch,,249.0,227.0,39.0,33:36:12,120972.97,True,f,
351,Maxime MARTIN,FR,35,H,35-39M,,https://utmb.world/runner/5055148.maxime.martin,505.0,250.0,228.0,40.0,33:42:12,121332.06,True,f,
84,Alessandro ANTIPATICO,IT,43,H,40-44M,ETNATRAIL,https://utmb.world/runner/1552341.alessandro.antipatico,639.0,251.0,229.0,40.0,33:43:13,121393.641,True,f,
440,Vittorio BROGGI,IT,64,H,60-64M,,https://utmb.world/runner/3151523.vittorio.broggi,460.0,252.0,230.0,8.0,33:48:49,121729.44,True,f,
436,Domenico CALABRESE,IT,58,H,55-59M,,https://utmb.world/runner/446356.domenico.calabrese,463.0,253.0,231.0,12.0,33:48:50,121730.09,True,f,
353,Luciano Alessandro BURRO,IT,51,H,50-54M,ASD Trail Monte Casto,https://utmb.world/runner/4459474.lucianoalessandro.burro,505.0,254.0,232.0,32.0,33:48:55,121735.9,True,f,
386,Lorenzo QUAGLIOTTI,IT,40,H,40-44M,,https://utmb.world/runner/6448476.lorenzo.quagliotti,491.0,255.0,233.0,41.0,33:59:22,122362.68,True,f,
549,Claudio GILARDINI,IT,40,H,40-44M,,https://utmb.world/runner/6615659.claudio.gilardini,,256.0,234.0,42.0,33:59:24,122364.13,True,f,
448,Tatiana SCHOUMACHER,FR,39,F,35-39W,,https://utmb.world/runner/4396612.tatiana.schoumacher,457.0,257.0,23.0,4.0,34:04:59,122699.72,True,f,
439,Heike Julia OTTERBEIN,DE,42,F,40-44W,,https://utmb.world/runner/1476373.heikejulia.otterbein,461.0,258.0,24.0,5.0,34:22:01,123721.22,True,f,
479,Benjamin HEMMER,FR,46,H,45-49M,,https://utmb.world/runner/1476217.benjamin.hemmer,434.0,259.0,235.0,40.0,34:22:07,123727.3,True,f,
342,Guillaume CORNUT,FR,44,H,40-44M,Duc Army,https://utmb.world/runner/1470297.guillaume.cornut,507.0,260.0,236.0,43.0,34:22:31,123751.07,True,f,
404,Jesus LABORDA SANCHEZ,ES,47,H,45-49M,ASICSFRONTRUNER,https://utmb.world/runner/4822889.jesus.labordasanchez,484.0,261.0,237.0,41.0,34:22:53,123773.66,True,f,
395,Leonardo NISTRI,IT,35,H,35-39M,BANDA DEI MALANDRINI A.S.D.,https://utmb.world/runner/4103876.leonardo.nistri,487.0,262.0,238.0,41.0,34:24:58,123898.02,True,f,
463,Carmelo BONANNO,IT,61,H,60-64M,Silvano Fedi,https://utmb.world/runner/357156.carmelo.bonanno,451.0,263.0,239.0,9.0,34:25:02,123902.06,True,f,
334,Andrea ALIQUÒ,IT,42,H,40-44M,,https://utmb.world/runner/1555501.andrea.aliquo,510.0,264.0,240.0,44.0,34:33:08,124388.25,True,f,
401,Chiara Maria BUTTA,IT,36,F,35-39W,,https://utmb.world/runner/4570076.chiaramaria.butta,484.0,265.0,25.0,5.0,34:37:11,124631.91,True,f,
359,Andrea ROSCIOLI,IT,56,H,55-59M,Trail Club Pantera,https://utmb.world/runner/4049237.andrea.roscioli,509.0,266.0,241.0,13.0,34:41:39,124899.65,True,f,
311,Carlo UCCELLA,IT,44,H,40-44M,Sarrabus Runners,https://utmb.world/runner/2623309.carlo.uccella,519.0,267.0,242.0,45.0,34:42:03,124923.09,True,f,
393,Simone IORI,IT,45,H,45-49M,,https://utmb.world/runner/3234845.simone.iori,486.0,268.0,243.0,42.0,34:44:46,125086.37,True,f,
230,Alberto ZOCCHI,IT,41,H,40-44M,,https://utmb.world/runner/4254913.alberto.zocchi,553.0,269.0,244.0,46.0,34:48:27,125307.04,True,f,
506,Mattia LAROSA,IT,31,H,20-34M,,https://utmb.world/runner/4693326.mattia.larosa,394.0,270.0,245.0,60.0,34:48:45,125325.09,True,f,
418,Roberta SOAVE,IT,40,F,40-44W,,https://utmb.world/runner/425818.roberta.soave,475.0,271.0,26.0,6.0,34:52:11,125531.29,True,f,
273,Maurizio APPINO,IT,45,H,45-49M,Corio trail runner,https://utmb.world/runner/5911962.maurizio.appino,536.0,272.0,246.0,43.0,34:53:13,125593.65,True,f,
390,Andrea LORENZINI,IT,35,H,35-39M,,https://utmb.world/runner/2658895.andrea.lorenzini,488.0,273.0,247.0,42.0,34:53:48,125628.15,True,f,
363,Fabrizio BERTONI,IT,50,H,50-54M,100% Anima Trail,https://utmb.world/runner/4929089.fabrizio.bertoni,502.0,274.0,248.0,33.0,34:53:50,125630.19,True,f,
456,Franck DE GIULI,FR,61,H,60-64M,JeffB Trail,https://utmb.world/runner/1940729.franck.degiuli,454.0,275.0,249.0,10.0,34:57:53,125873.25,True,f,
516,Erik TIBALDI,IT,49,H,45-49M,TEAM NO LIMITS,https://utmb.world/runner/1611381.erik.tibaldi,400.0,276.0,250.0,44.0,35:08:48,126528.9,True,f,
473,Romain BRUYERE,FR,44,H,40-44M,,https://utmb.world/runner/3392421.romain.bruyere,446.0,277.0,251.0,47.0,35:20:20,127220.43,True,f,
405,Patrice CHABANNIER,FR,54,H,50-54M,AMSLF TRAIL OXUBII,https://utmb.world/runner/10359.patrice.chabannier,482.0,278.0,252.0,34.0,35:36:34,128194.96,True,f,
419,Pier Francesco NUZZI,IT,58,H,55-59M,Circolo Canottieri Aniene,https://utmb.world/runner/653669.pierfrancesco.nuzzi,475.0,279.0,253.0,14.0,35:40:47,128447.2,True,f,
485,Luca GIAI,IT,57,H,55-59M,itra,https://utmb.world/runner/1031883.luca.giai,438.0,279.0,253.0,14.0,35:40:47,128447.78,True,f,
510,Stefano MOSCA,IT,63,H,60-64M,,https://utmb.world/runner/117628.stefano.mosca,399.0,281.0,255.0,11.0,35:40:48,128448.71,True,f,
495,Yunus SEKER,TR,34,H,20-34M,Moving Potatoes,https://utmb.world/runner/4780332.yunus.seker,428.0,282.0,256.0,61.0,36:01:35,129695.93,True,f,
483,Gianluca GIANELLI,IT,56,H,55-59M,Atletica Levante,https://utmb.world/runner/3296659.gianluca.gianelli,440.0,283.0,257.0,16.0,36:05:53,129953.07,True,f,
266,Giovanni DI MARTINO,IT,53,H,50-54M,G.S. Amatori Palermo,https://utmb.world/runner/158140.giovanni.dimartino,538.0,284.0,258.0,35.0,36:05:55,129955.06,True,f,
504,Luca RUGARI,IT,58,H,55-59M,ATLETICA LEVANTE,https://utmb.world/runner/4453314.luca.rugari,418.0,285.0,259.0,17.0,36:05:57,129957.55,True,f,
47,Tommaso MECCA CIVAT,IT,34,H,20-34M,Runnerpillar team ASD,https://utmb.world/runner/1615829.tommaso.meccacivat,700.0,286.0,260.0,62.0,16:42:11,60131.22,False,a,
22,Marta VIGANO,IT,34,F,20-34W,Runaway Milano asd,https://utmb.world/runner/3142283.marta.vigano,637.0,287.0,27.0,5.0,16:53:03,60783.6,False,a,
63,Vincent LORGE,BE,37,H,35-39M,,https://utmb.world/runner/2030287.vincent.lorge,667.0,288.0,261.0,43.0,17:03:45,61425.338,False,a,
43,Diego GARIBALDI,IT,49,H,45-49M,,https://utmb.world/runner/630802.diego.garibaldi,712.0,289.0,262.0,45.0,17:18:59,62339.07,False,a,
561,COPPA Mauro,IT,54,H,50-54M,,https://utmb.world/runner/6821297.coppa.mauro,,290.0,263.0,36.0,20:35:48,74102.646,False,a,
325,Damiano COLAMONICO,IT,38,H,35-39M,,https://utmb.world/runner/5563991.damiano.colamonico,546.0,291.0,264.0,44.0,20:48:57,74937.489,False,a,
328,Thomas PITON,FR,28,H,20-34M,UASG Union Athlétique Société Générale,https://utmb.world/runner/6693961.thomas.piton,512.0,292.0,265.0,63.0,23:56:04,86164.941,False,a,
552,Nicolas SCHUSTER,FR,44,H,40-44M,TNTB,https://utmb.world/runner/232512.nicolas.schuster,,293.0,266.0,48.0,25:15:01,90901.705,False,a,
399,Andrea MELOTTO,IT,45,H,45-49M,,https://utmb.world/runner/4565196.andrea.melotto,484.0,294.0,267.0,46.0,25:28:49,91729.991,False,a,
317,Emanuele CALIGIURI,IT,32,H,20-34M,,https://utmb.world/runner/5688373.emanuele.caligiuri,516.0,295.0,268.0,64.0,26:26:50,95210.067,False,a,
451,Guido PIZZORNO,IT,66,H,65-69M,,https://utmb.world/runner/2056417.guido.pizzorno,456.0,296.0,269.0,3.0,27:25:40,98740.989,False,a,
375,Sébastien ATLAN,FR,42,H,40-44M,,https://utmb.world/runner/6265408.sebastien.atlan,497.0,297.0,270.0,49.0,27:50:41,100241.473,False,a,
486,Pedro FONSECA,PT,36,H,35-39M,,https://utmb.world/runner/5911830.pedro.fonseca,437.0,298.0,271.0,45.0,28:36:08,102968.563,False,a,
26,Gediminas GRINIUS,LT,46,H,45-49M,TEAM VIBRAM,https://utmb.world/runner/136586.gediminas.grinius,839.0,299.0,272.0,47.0,12:29:10,44950.568,False,a,
18,Valentin VANDELLE,FR,27,H,20-34M,Running Conseil 39,https://utmb.world/runner/1502453.valentin.vandelle,765.0,300.0,273.0,65.0,14:28:22,51856.952,False,a,
101,Joris BENOIST,FR,36,H,35-39M,JeffB Trail,https://utmb.world/runner/43864.joris.benoist,626.0,301.0,274.0,46.0,17:36:52,60946.755,False,a,
81,David MYOTTE,FR,50,H,50-54M,,https://utmb.world/runner/4205056.david.myotte,645.0,302.0,275.0,37.0,17:37:11,61182.163,False,a,
172,Stefano LORUSSO,IT,39,H,35-39M,PIOSSASCO TRAIL RUNNERS,https://utmb.world/runner/5311464.stefano.lorusso,580.0,303.0,276.0,47.0,19:19:37,67270.863,False,a,
276,Alessio DABRAMO,IT,36,H,35-39M,,https://utmb.world/runner/3551099.alessio.dabramo,535.0,304.0,277.0,48.0,20:53:50,74209.997,False,a,
275,Richard HAYDEN,CA,59,H,55-59M,,https://utmb.world/runner/4687494.richard.hayden,536.0,305.0,278.0,18.0,20:56:13,71343.813,False,a,
265,Darius GAILIUNAS,LT,46,H,45-49M,,https://utmb.world/runner/4270320.darius.gailiunas,539.0,306.0,279.0,48.0,21:39:16,75344.576,False,a,
460,Paul MARRIOTT,GB,63,H,60-64M,,https://utmb.world/runner/4512103.paul.marriott,449.0,307.0,280.0,12.0,23:30:18,84178.001,False,a,
1,Matteo ANSELMI,IT,31,H,20-34M,SCARPA/BV SPORT,https://utmb.world/runner/3476719.matteo.anselmi,858.0,308.0,281.0,66.0,10:37:19,38239.033,False,a,
52,Mattia DROZ,IT,33,H,20-34M,INRUN,https://utmb.world/runner/4044633.mattia.droz,688.0,309.0,282.0,67.0,13:04:19,47059.026,False,a,
42,Florian SPANNAGEL,FR,35,H,35-39M,Collar trail aventures,https://utmb.world/runner/145149.florian.spannagel,708.0,310.0,283.0,49.0,13:18:44,47133.079,False,a,
53,Marco ODDERA,IT,33,H,20-34M,MALLARE OUTDOOR SPORT & NATURA ASD,https://utmb.world/runner/4390452.marco.oddera,689.0,311.0,284.0,68.0,13:31:11,48671.072,False,a,
16,Chiara BERTINO,IT,53,F,50-54W,Podistica Torino,https://utmb.world/runner/468192.chiara.bertino,652.0,312.0,28.0,5.0,14:22:41,50777.097,False,a,
88,Rudy PERRUQUET,IT,54,H,50-54M,Polizia Locale VdA,https://utmb.world/runner/110294.rudy.perruquet,611.0,313.0,285.0,38.0,14:25:28,51928.024,False,a,
189,Diego CABONA,IT,44,H,40-44M,,https://utmb.world/runner/5238730.diego.cabona,572.0,314.0,286.0,50.0,15:03:06,54186.086,False,a,
164,Rodolfo DE COLLE,IT,60,H,60-64M,Asd trail del Casto,https://utmb.world/runner/60541.rodolfo.decolle,585.0,315.0,287.0,13.0,15:36:53,56213.032,False,a,
92,Guido BOI,IT,57,H,55-59M,Team Climb,https://utmb.world/runner/3486399.guido.boi,634.0,316.0,288.0,19.0,15:40:17,53597.001,False,a,
357,Yannick VASSEUR,BE,24,H,20-34M,Les BYL électriques - Mouscron ,https://utmb.world/runner/4978492.yannick.vasseur,503.0,317.0,289.0,69.0,15:43:29,55713.025,False,a,
130,Franck SURAHY,BE,43,H,40-44M,ECK/Tri-b,https://utmb.world/runner/3437951.franck.surahy,606.0,318.0,290.0,51.0,16:08:49,55508.042,False,a,
238,Claudio BOCCHINO,IT,47,H,45-49M,la vetta running,https://utmb.world/runner/2426539.claudio.bocchino,551.0,319.0,291.0,49.0,16:23:50,59030.003,False,a,
177,Giuseppe SERVIDIO,IT,33,H,20-34M,In run,https://utmb.world/runner/1964313.giuseppe.servidio,576.0,320.0,292.0,70.0,16:27:14,59234.051,False,a,
379,Quentin BLANVILLE,FR,36,H,35-39M,section trail vie et montagnes (15),https://utmb.world/runner/5644693.quentin.blanville,495.0,321.0,293.0,50.0,16:32:29,59281.011,False,a,
396,Florent LESUEUR,FR,37,H,35-39M,,https://utmb.world/runner/461053.florent.lesueur,486.0,322.0,294.0,51.0,16:35:06,59706.003,False,a,
244,Franck SARAZIN,FR,49,H,45-49M,Les Voisins Traileurs,https://utmb.world/runner/240664.franck.sarazin,540.0,323.0,295.0,50.0,16:44:28,60268.081,False,a,
280,Pierre RENAUX,FR,36,H,35-39M,,https://utmb.world/runner/1643587.pierre.renaux,535.0,324.0,296.0,52.0,16:46:09,60369.078,False,a,
293,Stefano MAZZAFERRO,BR,33,H,20-34M,,https://utmb.world/runner/4659064.stefano.mazzaferro,528.0,325.0,297.0,71.0,17:11:09,61791.0,False,hd,
206,Cyrille MENARD,FR,55,H,55-59M,AC Pays d'Ancenis,https://utmb.world/runner/39488.cyrille.menard,564.0,326.0,298.0,20.0,17:16:44,62204.011,False,a,
190,Thomas TANGHE,BE,35,H,35-39M,,https://utmb.world/runner/4500565.thomas.tanghe,572.0,327.0,299.0,53.0,17:22:31,62551.05,False,a,
171,Mario SILVA,IT,53,H,50-54M,TEAM Gaaren #BEaHERO,https://utmb.world/runner/999141.mario.silva,580.0,328.0,300.0,39.0,17:23:31,62611.047,False,a,
263,Roberta TABET,CH,50,F,50-54W,ADSTraillab,https://utmb.world/runner/985839.roberta.tabet,541.0,329.0,29.0,6.0,17:26:51,62811.066,False,a,
330,Gregory LE BIHAN,FR,47,H,45-49M,,https://utmb.world/runner/703656.gregory.lebihan,512.0,330.0,301.0,51.0,17:30:33,63033.055,False,a,
433,Edy PAGANIN,IT,48,H,45-49M,,https://utmb.world/runner/1157421.edy.paganin,463.0,331.0,302.0,52.0,17:39:59,63599.061,False,a,
297,Guido ZANZOTTERA,IT,41,H,40-44M,Rari Nantes Torino,https://utmb.world/runner/4235154.guido.zanzottera,525.0,332.0,303.0,52.0,17:40:29,63629.043,False,a,
414,Sebastien BLANCHARD,FR,54,H,50-54M,AC Pays d'Ancenis,https://utmb.world/runner/38165.sebastien.blanchard,477.0,333.0,304.0,40.0,17:46:06,63966.013,False,a,
536,Silvia MENEGATTI,IT,54,F,50-54W,,https://utmb.world/runner/6389325.silvia.menegatti,,334.0,30.0,7.0,17:46:14,63974.084,False,a,
329,Stefano VINELLI,IT,54,H,50-54M,,https://utmb.world/runner/475415.stefano.vinelli,512.0,335.0,305.0,41.0,17:47:06,60253.01,False,hd,
321,Michel BORINATTO,IT,39,H,35-39M,CLIMB,https://utmb.world/runner/3093375.michel.borinatto,514.0,336.0,306.0,54.0,17:56:32,64592.019,False,a,
491,Mathias GOBEL,DE,40,H,40-44M,Rennsteiglaufverein,https://utmb.world/runner/66719.mathias.gobel,431.0,337.0,307.0,53.0,18:00:48,64848.044,False,a,
364,Amerigo BORGHI,IT,30,H,20-34M,,https://utmb.world/runner/5072493.amerigo.borghi,542.0,338.0,308.0,72.0,18:02:25,61796.007,False,hd,
553,Luca BACIGALUPO,IT,59,H,55-59M,Atletica Levante / team Technosport ,https://utmb.world/runner/810598.luca.bacigalupo,,339.0,309.0,21.0,18:16:48,65808.05,False,a,
480,Luca SOLFERINO,IT,47,H,45-49M,Bione Trailers Team,https://utmb.world/runner/588565.luca.solferino,442.0,340.0,310.0,53.0,18:16:57,65817.038,False,a,
338,Stefano FAVA,IT,52,H,50-54M,G.A.P. Saronno,https://utmb.world/runner/1461627.stefano.fava,507.0,341.0,311.0,42.0,18:18:41,65921.092,False,a,
346,Roberto PEDOTTI,IT,60,H,60-64M,ASD Ollomont,https://utmb.world/runner/810684.roberto.pedotti,512.0,342.0,312.0,14.0,18:20:49,66049.028,False,a,
469,Filippo GREGORINI,IT,54,H,50-54M,,https://utmb.world/runner/4165255.filippo.gregorini,449.0,343.0,313.0,43.0,18:22:50,66170.061,False,a,
233,Maurizio GANDINI,IT,48,H,45-49M,i run for find the cure,https://utmb.world/runner/600150.maurizio.gandini,552.0,344.0,314.0,54.0,18:23:15,66195.06,False,a,
387,Stefano CARREL,IT,55,H,55-59M,Esprit Carrel,https://utmb.world/runner/195888.stefano.carrel,419.0,345.0,315.0,22.0,18:28:37,66517.01,False,a,
257,Vytautas KRIŠČIŪNAS,LT,38,H,35-39M,Aktyvus judėjimas,https://utmb.world/runner/6501100.vytautas.krisciunas,543.0,346.0,316.0,55.0,18:29:15,63111.08,False,a,
424,Przemyslaw SPECJALSKI,PL,55,H,55-59M,,https://utmb.world/runner/736320.przemyslaw.specjalski,471.0,347.0,317.0,23.0,18:46:18,64328.023,False,a,
322,Federico MIGNONE,IT,42,H,40-44M,CUS PRO PATRIA MILANO,https://utmb.world/runner/468211.federico.mignone,514.0,348.0,318.0,54.0,18:59:10,68350.079,False,a,
503,Jean Francois LOCKMAN,BE,47,H,45-49M,TNTB,https://utmb.world/runner/5273444.jeanfrancois.lockman,415.0,349.0,319.0,55.0,18:59:27,68367.09,False,a,
426,Giordano BALOSSI,IT,56,H,55-59M,,https://utmb.world/runner/1461513.giordano.balossi,470.0,350.0,320.0,24.0,19:06:11,68771.029,False,a,
377,Federica SAPORITI,IT,50,F,50-54W,,https://utmb.world/runner/2206607.federica.saporiti,496.0,351.0,31.0,8.0,19:12:29,69149.081,False,a,
555,Andrea Igino CECCON,IT,54,H,50-54M,,https://utmb.world/runner/6696963.andreaigino.ceccon,,352.0,321.0,44.0,19:12:34,69154.011,False,a,
169,Luca CONRADO,IT,48,H,45-49M,ASD QUEI BRUCIATI DEI CASTELLI BRUCIATI,https://utmb.world/runner/2360823.luca.conrado,583.0,353.0,322.0,56.0,19:15:39,69339.048,False,hd,
481,Pika Neza PAJNIC,SI,51,F,50-54W,,https://utmb.world/runner/4197545.pikaneza.pajnic,442.0,354.0,32.0,9.0,19:18:12,69492.078,False,a,
271,Angela ANNI,IT,59,F,55-59W,PODISTICA ARONA,https://utmb.world/runner/61351.angela.anni,537.0,355.0,33.0,3.0,19:19:57,69597.04,False,a,
372,Sébastien AUBRY,BE,47,H,45-49M,TNTB,https://utmb.world/runner/4834430.sebastien.aubry,,356.0,323.0,57.0,19:48:04,68357.067,False,a,
497,Mauro CORNAZ,IT,65,H,65-69M,,https://utmb.world/runner/2219163.mauro.cornaz,,357.0,324.0,4.0,20:00:30,72030.054,False,a,
427,Fabio FUGALLI,IT,61,H,60-64M,PIOSSASCO TRAIL RUNNERS,https://utmb.world/runner/5263714.fabio.fugalli,470.0,358.0,325.0,15.0,20:00:31,72031.015,False,a,
402,Denis LANGJAHR,DE,35,H,35-39M,GipfelApfelMomente,https://utmb.world/runner/6155730.denis.langjahr,484.0,359.0,326.0,56.0,20:03:08,72188.077,False,hd,
340,Pamela GUTSCH,US,53,F,50-54W,,https://utmb.world/runner/4765720.pamela.gutsch,507.0,360.0,34.0,10.0,20:03:28,72208.087,False,a,
459,Cristiano BOSCARIOL,IT,50,H,50-54M,100 % ANIMATRAIL ASD,https://utmb.world/runner/2031335.cristiano.boscariol,445.0,361.0,327.0,45.0,20:05:12,68680.034,False,hd,
335,Salim MAMMASSE,FR,40,H,40-44M,,https://utmb.world/runner/687999.salim.mammasse,507.0,362.0,328.0,55.0,20:06:48,69042.059,False,hd,
525,Jeannette CHENAL,IT,45,F,45-49W,trailored4you,https://utmb.world/runner/6119010.jeannette.chenal,392.0,363.0,35.0,5.0,20:23:11,73391.01,False,a,
568,Piercarlo FORNERIS,IT,56,H,55-59M,,,,364.0,329.0,25.0,20:23:17,73397.084,False,hd,
437,Alessandro FORESTIERO,IT,49,H,45-49M,Team Technosport,https://utmb.world/runner/1548465.alessandro.forestiero,462.0,365.0,330.0,58.0,20:23:19,73399.024,False,hd,
524,Mattia DESTROTTI,IT,41,H,40-44M,,https://utmb.world/runner/2219357.mattia.destrotti,395.0,366.0,331.0,56.0,20:41:15,74475.007,False,hd,
493,Niels SNOG,DK,54,H,50-54M,,https://utmb.world/runner/6498454.niels.snog,430.0,367.0,332.0,46.0,20:41:46,74506.086,False,hd,
58,Jean Francois BOMBENGER,FR,46,H,45-49M,Colmar Trail Aventures,https://utmb.world/runner/11721.jeanfrancois.bombenger,673.0,368.0,333.0,59.0,20:51:34,61703.052,False,a,
38,Simone BOGLIOLO,IT,25,H,20-34M,A.S.D. C.U.S. Genova,https://utmb.world/runner/5412358.simone.bogliolo,733.0,369.0,334.0,73.0,09:31:04,34264.622,False,a,
143,Gianluca PEANI,IT,24,H,20-34M,ATLETICA MONTEROSA FOGU ARNAD,https://utmb.world/runner/6448676.gianluca.peani,597.0,370.0,335.0,74.0,09:45:27,35127.566,False,a,
64,Thierry MORET,IT,35,H,35-39M,,https://utmb.world/runner/764512.thierry.moret,663.0,371.0,336.0,57.0,10:07:22,36442.946,False,a,
34,Mathieu BRUNOD,IT,28,H,20-34M,Montagnesprit,https://utmb.world/runner/807199.mathieu.brunod,739.0,372.0,337.0,75.0,10:49:08,38682.212,False,a,
46,Gianluca CAIMI,IT,50,H,50-54M,,https://utmb.world/runner/30679.gianluca.caimi,697.0,373.0,338.0,47.0,11:04:07,39649.243,False,a,
141,Toni PIVCEVIC,HR,37,H,35-39M,,https://utmb.world/runner/144701.toni.pivcevic,599.0,374.0,339.0,58.0,12:36:43,45403.405,False,a,
350,Luisa SILVESTRI,IT,48,F,45-49W,Polisportiva Sant’Orso,https://utmb.world/runner/4280553.luisa.silvestri,505.0,375.0,36.0,6.0,12:48:37,46117.203,False,a,
559,Marco MINCHILLO,IT,60,H,60-64M,C.C.R. Sport. Alpini Trofarello,https://utmb.world/runner/4629842.marco.minchillo,,376.0,340.0,16.0,13:25:30,48330.568,False,a,
207,Marek LIPINSKI,PL,47,H,45-49M,Run&Roll,https://utmb.world/runner/548248.marek.lipinski,564.0,377.0,341.0,60.0,13:31:08,48556.584,False,a,
349,Miłosz PINKIEWICZ,PL,27,H,20-34M,,https://utmb.world/runner/4152062.milosz.pinkiewicz,504.0,378.0,342.0,76.0,14:33:11,52391.8,False,a,
182,Andrea DE FILIPPO,IT,46,H,45-49M,TEAM NOLIMITS,https://utmb.world/runner/291022.andrea.defilippo,575.0,379.0,343.0,61.0,15:06:48,54408.647,False,a,
384,Dai KONDO,JP,51,H,50-54M,NoSportLimit,https://utmb.world/runner/777944.dai.kondo,494.0,380.0,344.0,48.0,15:14:49,54889.939,False,a,
513,Moro FRANCO,IT,63,H,60-64M,,https://utmb.world/runner/6386431.moro.franco,396.0,381.0,345.0,17.0,15:59:48,57588.393,False,a,
532,Geertje VAN DER LINDEN,NL,31,F,20-34W,,https://utmb.world/runner/5901532.geertje.vanderlinden,363.0,382.0,37.0,6.0,16:32:09,59529.825,False,a,
565,Luca Ubaldo ISIDORI,IT,59,H,55-59M,,https://utmb.world/runner/7169449.lucaubaldo.isidori,,383.0,346.0,26.0,16:58:45,61125.758,False,a,
95,Hervé ROSAIRE,IT,32,H,20-34M,,https://utmb.world/runner/4186429.herve.rosaire,633.0,384.0,347.0,77.0,09:31:19,34279.258,False,a,
158,Jocelyn MERCIER,FR,28,H,20-34M,,https://utmb.world/runner/5710726.jocelyn.mercier,589.0,385.0,348.0,78.0,09:38:52,34732.885,False,a,
138,Sebastian MEISER,DE,37,H,35-39M,TV Quierschied,https://utmb.world/runner/690207.sebastian.meiser,605.0,386.0,349.0,59.0,10:12:45,36765.677,False,a,
243,Marina PLAVAN,IT,64,F,60-64W,TRM,https://utmb.world/runner/59285.marina.plavan,545.0,387.0,38.0,2.0,10:30:32,37832.723,False,a,
153,Gianni PAILLEX,IT,50,H,50-54M,TEAM INRUN,https://utmb.world/runner/1039609.gianni.paillex,590.0,388.0,350.0,49.0,10:56:25,39385.545,False,a,
309,Marco PRINA CERAI,IT,32,H,20-34M,A.S.D Amron team,https://utmb.world/runner/4153868.marco.prinacerai,520.0,389.0,351.0,79.0,10:56:30,39390.02,False,a,
410,Greger MYRBAKK,SE,56,H,55-59M,Myrbakk Ultra Trai,https://utmb.world/runner/972879.greger.myrbakk,473.0,390.0,352.0,27.0,11:04:20,39308.033,False,a,
252,Franco FLORIO,IT,55,H,55-59M,Asd osteria dei  podisti,https://utmb.world/runner/3449121.franco.florio,546.0,391.0,353.0,28.0,12:15:09,44109.821,False,a,
202,Fabio PIANTA,IT,48,H,45-49M,Team Marguareis,https://utmb.world/runner/482946.fabio.pianta,567.0,392.0,354.0,62.0,12:46:56,46016.396,False,a,
515,Stefano CAVALIERE,IT,52,H,50-54M,Courmayeur Trailers,https://utmb.world/runner/4280589.stefano.cavaliere,400.0,393.0,355.0,50.0,13:10:46,47446.203,False,a,
279,Daniel TERPEREAU,FR,63,H,60-64M,JeffB Trail,https://utmb.world/runner/24983.daniel.terpereau,535.0,394.0,356.0,18.0,13:13:48,47628.219,False,a,
490,Robert BLANC,IT,56,H,55-59M,,https://utmb.world/runner/117668.robert.blanc,431.0,395.0,357.0,29.0,13:40:44,49244.272,False,a,
520,Marco PREGNOLATO,IT,57,H,55-59M,,https://utmb.world/runner/642385.marco.pregnolato,398.0,396.0,358.0,30.0,13:49:07,49747.082,False,a,
373,Johan ASNONG,BE,60,H,60-64M,,https://utmb.world/runner/5672115.johan.asnong,498.0,397.0,359.0,19.0,13:50:52,49852.515,False,a,
502,Eugenio GROSSO,IT,60,H,60-64M,,https://utmb.world/runner/477778.eugenio.grosso,422.0,398.0,360.0,20.0,13:53:00,49980.368,False,a,
539,Vincenzo BELLOMO,IT,54,H,50-54M,,https://utmb.world/runner/3388445.vincenzo.bellomo,,399.0,361.0,51.0,13:55:21,50121.453,False,a,
12,Edouard TIRET,FR,34,H,20-34M,KS Endurance Training,https://utmb.world/runner/705990.edouard.tiret,793.0,400.0,362.0,80.0,07:07:20,25640.435,False,a,
76,Jean-Matthieu LEMOINE,FR,35,H,35-39M,,https://utmb.world/runner/5526980.jeanmatthieu.lemoine,650.0,401.0,363.0,60.0,07:54:02,28249.088,False,a,
380,Marco ANCORA,IT,39,H,35-39M,,https://utmb.world/runner/1039639.marco.ancora,495.0,402.0,364.0,61.0,09:38:32,34712.406,False,a,
217,Geoffroy OTJACQUES,BE,45,H,45-49M,TNTB,https://utmb.world/runner/187500.geoffroy.otjacques,559.0,403.0,365.0,63.0,09:58:56,35936.814,False,a,
240,Davide GENTILE,IT,50,H,50-54M,Brontolorunning,https://utmb.world/runner/494821.davide.gentile,550.0,404.0,366.0,52.0,10:05:31,36331.981,False,a,
90,Matteo SCIEGHI,IT,42,H,40-44M,Polisportiva Sant Orso Aosta,https://utmb.world/runner/588537.matteo.scieghi,635.0,405.0,367.0,57.0,10:16:59,34031.615,False,a,
146,Alexandre DEMANET,FR,46,H,45-49M,JeffBTrail,https://utmb.world/runner/1424533.alexandre.demanet,595.0,406.0,368.0,64.0,10:30:03,37803.716,False,a,
475,Gabriele CRISTOFORI,IT,37,H,35-39M,,https://utmb.world/runner/4519430.gabriele.cristofori,445.0,407.0,369.0,62.0,11:12:00,40320.28,False,a,
425,Massimo DE MARCO,IT,43,H,40-44M,,https://utmb.world/runner/5505691.massimo.demarco,470.0,408.0,370.0,58.0,11:24:04,41044.369,False,a,
564,Maxime SPIDO,CA,38,H,35-39M,,https://utmb.world/runner/515678.maxime.spido,393.0,409.0,371.0,63.0,11:41:14,42074.084,False,a,
455,Maud MADIAI,FR,34,F,20-34W,,https://utmb.world/runner/4851461.maud.madiai,453.0,410.0,39.0,7.0,11:44:33,42273.601,False,a,
438,Fabio MAZZOLINI,IT,56,H,55-59M,100 km del Passatore,https://utmb.world/runner/60320.fabio.mazzolini,462.0,411.0,372.0,31.0,11:56:29,42989.848,False,hd,
284,Valerijus CVETKOVAS,LT,55,H,55-59M,F.O.C.U.S. running,https://utmb.world/runner/674655.valerijus.cvetkovas,531.0,412.0,373.0,32.0,11:59:36,43176.106,False,a,
487,Gianluca MARREDDA,IT,51,H,50-54M,A.S.D. ollomont,https://utmb.world/runner/4755512.gianluca.marredda,436.0,413.0,374.0,53.0,12:25:22,44722.098,False,hd,
102,Simone MILANO,IT,51,H,50-54M,ASD Gran Paradiso Valle Orco,https://utmb.world/runner/59014.simone.milano,629.0,414.0,375.0,54.0,07:10:50,25850.326,False,a,
239,Fabrizio LOMBARD,IT,45,H,45-49M,APD Pont Saint Martin,https://utmb.world/runner/1651815.fabrizio.lombard,550.0,415.0,376.0,65.0,09:07:06,32826.21,False,a,
371,Claudio Roger ANTONIN,IT,48,H,45-49M,Polisportiva s.orso,https://utmb.world/runner/3447397.claudioroger.antonin,498.0,416.0,377.0,66.0,09:22:54,33774.768,False,a,
378,Claudia BALLERINI,IT,31,F,20-34W,Sisters,https://utmb.world/runner/6119054.claudia.ballerini,496.0,417.0,40.0,8.0,09:27:49,34069.891,False,a,
223,Dominique TREVISSON,BE,54,H,50-54M,TIMS,https://utmb.world/runner/4493402.dominique.trevisson,558.0,418.0,378.0,55.0,09:30:56,34256.932,False,a,
492,Mark RUSS,GB,58,H,55-59M,,https://utmb.world/runner/5830654.mark.russ,431.0,419.0,379.0,33.0,09:43:16,34996.334,False,a,
527,Barbara CORNETTI,IT,53,F,50-54W,La vetta running,https://utmb.world/runner/30537.barbara.cornetti,387.0,420.0,41.0,11.0,10:10:42,36642.068,False,a,
442,Edward LER,SG,49,H,45-49M,,https://utmb.world/runner/569487.edward.ler,459.0,421.0,380.0,67.0,10:10:59,36659.795,False,a,
447,Sven KASTENMEIER,DE,27,H,20-34M,Schwimmverein Straubing,https://utmb.world/runner/6618595.sven.kastenmeier,457.0,422.0,381.0,81.0,10:12:12,36732.412,False,a,
518,Valentina CAVANNA,IT,46,F,45-49W,,https://utmb.world/runner/2361097.valentina.cavanna,400.0,423.0,42.0,7.0,11:32:01,41409.147,False,a,
324,Andrea ZEMOZ,IT,58,H,55-59M,Technosport Trail Team,https://utmb.world/runner/1669237.andrea.zemoz,513.0,424.0,382.0,34.0,05:37:17,20237.819,False,a,
71,Raffaele BOTTEGAL,IT,41,H,40-44M,Gs bognanco,https://utmb.world/runner/1718723.raffaele.bottegal,658.0,425.0,383.0,59.0,05:45:36,20736.505,False,a,
397,Daniela HOLDENER,CH,43,F,40-44W,,https://utmb.world/runner/495970.daniela.holdener,472.0,426.0,43.0,7.0,06:36:03,23763.121,False,a,
209,Fabio CARUSI,IT,51,H,50-54M,,https://utmb.world/runner/666373.fabio.carusi,559.0,427.0,384.0,56.0,06:38:44,23924.672,False,a,
318,Jules CROIZIER,FR,25,H,20-34M,,https://utmb.world/runner/5397852.jules.croizier,516.0,428.0,385.0,82.0,06:38:57,23937.859,False,a,
210,Alexandre LEFFRAY,FR,35,H,35-39M,Entente Angers Athlétisme,https://utmb.world/runner/2370257.alexandre.leffray,586.0,429.0,386.0,64.0,06:38:58,23938.14,False,a,
444,Martijn HIENSCH,NL,61,H,60-64M,Stoere Plannen,https://utmb.world/runner/417439.martijn.hiensch,458.0,430.0,387.0,21.0,07:39:33,27573.236,False,a,
366,Valentin TRUSSART,BE,29,H,20-34M,AMJB,https://utmb.world/runner/5443530.valentin.trussart,500.0,431.0,388.0,83.0,07:44:26,26678.848,False,a,
470,Aldo SALVINI,IT,52,H,50-54M,GS Orobie,https://utmb.world/runner/999057.aldo.salvini,448.0,432.0,389.0,57.0,08:29:37,30577.078,False,a,
431,Claudio GOSETTI,IT,66,H,65-69M,ATLETICA MONTEROSA FOGU ARNAD,https://utmb.world/runner/2426517.claudio.gosetti,467.0,433.0,390.0,5.0,08:29:59,30599.325,False,a,
541,Parisi ANDREA,IT,35,H,35-39M,,https://utmb.world/runner/6491921.parisi.andrea,,434.0,391.0,65.0,08:44:39,31479.632,False,hd,
505,Colin DANKS,GB,47,H,45-49M,,https://utmb.world/runner/1131013.colin.danks,416.0,435.0,392.0,68.0,09:19:35,33575.703,False,hd,
507,Luca SALA,IT,46,H,45-49M,Monza Marathon Team ASD,https://utmb.world/runner/877573.luca.sala,411.0,436.0,393.0,69.0,09:30:01,34201.43,False,hd,
509,Rob DAVIS,GB,60,H,60-64M,,https://utmb.world/runner/1131015.rob.davis,359.0,437.0,394.0,22.0,09:30:50,34250.457,False,hd,
534,Dan Radu POPESCU,RO,44,H,40-44M,Blanosii,https://utmb.world/runner/2099729.danradu.popescu,332.0,438.0,395.0,60.0,09:44:21,35061.264,False,hd,
67,Basile DARBELLAY,CH,47,H,45-49M,,https://utmb.world/runner/5496671.basile.darbellay,661.0,439.0,396.0,70.0,02:59:39,10779.956,False,a,
99,Cristian CARELLI,IT,43,H,40-44M,Bergamo stars/trailored4you,https://utmb.world/runner/1098179.cristian.carelli,631.0,440.0,397.0,61.0,03:31:30,12690.638,False,a,
409,Mathis KOWALCZYK,FR,25,H,20-34M,,https://utmb.world/runner/5160316.mathis.kowalczyk,481.0,441.0,398.0,84.0,03:35:24,12924.437,False,a,
149,Andrea AUTINO,IT,41,H,40-44M,Asd Gran Paradiso Valle orco,https://utmb.world/runner/4511949.andrea.autino,586.0,442.0,399.0,62.0,03:45:00,13500.076,False,a,
112,Yuri LAURENT,IT,28,H,20-34M,A.S.D. La Stella,https://utmb.world/runner/677764.yuri.laurent,621.0,443.0,400.0,85.0,03:52:06,13926.877,False,a,
332,Yann ZERJAV,FR,47,H,45-49M,MarAThon de l’espoir,https://utmb.world/runner/3509579.yann.zerjav,511.0,444.0,401.0,71.0,04:04:37,14677.315,False,a,
307,Emanuele TAPELLA,IT,54,H,50-54M,100%AnimaTrail,https://utmb.world/runner/778279.emanuele.tapella,522.0,445.0,402.0,58.0,04:07:43,14863.82,False,a,
550,Corentin DUCHÊNE,BE,36,H,35-39M,TNTB,https://utmb.world/runner/6644345.corentin.duchene,,446.0,403.0,66.0,04:08:28,14908.96,False,a,
421,Jonas BOLLEN,BE,22,H,20-34M,,https://utmb.world/runner/6090124.jonas.bollen,473.0,447.0,404.0,86.0,04:08:46,14926.955,False,a,
488,Christoph GEERTS,BE,49,H,45-49M,,https://utmb.world/runner/4376528.christoph.geerts,435.0,448.0,405.0,72.0,04:11:18,15078.756,False,a,
500,Paolo SARVADON,IT,63,H,60-64M,,https://utmb.world/runner/117748.paolo.sarvadon,422.0,449.0,406.0,23.0,04:16:49,15409.598,False,a,
461,Michel BALDON,IT,39,H,35-39M,,https://utmb.world/runner/466232.michel.baldon,451.0,450.0,407.0,67.0,04:22:53,15773.417,False,a,
429,Valentina GHIO,IT,43,F,40-44W,Atletica Levante,https://utmb.world/runner/4976656.valentina.ghio,469.0,451.0,44.0,8.0,04:34:06,16446.98,False,a,
453,Benoît MOUNIER,FR,39,H,35-39M,MSN73,https://utmb.world/runner/554267.benoit.mounier,454.0,452.0,408.0,68.0,04:39:41,16781.175,False,a,
454,Olivier ABDELLAOUI,FR,56,H,55-59M,,https://utmb.world/runner/236599.olivier.abdellaoui,452.0,453.0,409.0,35.0,04:43:53,17033.618,False,a,
383,David BEOT,FR,49,H,45-49M,,https://utmb.world/runner/842247.david.beot,493.0,454.0,410.0,73.0,05:03:00,18180.098,False,a,
533,Mauro MEYNET,IT,61,H,60-64M,Climb Technosport,https://utmb.world/runner/1088945.mauro.meynet,333.0,455.0,411.0,24.0,05:35:57,20157.485,False,a,
295,Eric TRAVELLA,FR,43,H,40-44M,DUC ARMY,https://utmb.world/runner/2361753.eric.travella,526.0,456.0,412.0,63.0,01:39:27,5967.4,False,a,
355,Valentino SANTI AMANTINI,IT,62,H,60-64M,Bestie Barbute,https://utmb.world/runner/1739033.valentino.santiamantini,503.0,457.0,413.0,25.0,01:41:49,6109.28,False,a,
445,Carmelo PERRONE FODARO,IT,55,H,55-59M,Atletica Santhià/Aldo Berardo,https://utmb.world/runner/1615837.carmelo.perronefodaro,458.0,458.0,414.0,36.0,01:50:13,6613.05,False,a,
452,Amandine BOMBENGER,FR,45,F,45-49W,Colmar Trail Aventures,https://utmb.world/runner/11722.amandine.bombenger,455.0,459.0,45.0,8.0,01:55:22,6922.47,False,a,
530,Giuseppe VIETRI,IT,59,H,55-59M,Team Nolimits,https://utmb.world/runner/4153871.giuseppe.vietri,372.0,460.0,415.0,37.0,02:03:29,7409.26,False,a,
529,Jérémie ALLART,FR,25,H,20-34M,,https://utmb.world/runner/6615993.jeremie.allart,380.0,461.0,416.0,87.0,00:00:00,0.0,False,a,
484,Mathilde Ines Caroline MARTINA,IT,44,F,40-44W,,https://utmb.world/runner/4147968.mathildeinescaroline.martina,438.0,461.0,46.0,9.0,00:00:00,0.0,False,a,
471,Orlando THIEBAT,IT,71,H,70-74M,,https://utmb.world/runner/59354.orlando.thiebat,447.0,461.0,416.0,1.0,00:00:00,0.0,False,a,
48,Tristan FAVRE,FR,42,H,40-44M,,https://utmb.world/runner/3088573.tristan.favre,696.0,461.0,416.0,64.0,00:00:00,0.0,False,a,
24,Xueer SHANG,CN,39,F,35-39W,Skechers,https://utmb.world/runner/3061029.xueer.shang,630.0,,,,00:00:00,0.0,False,np,
23,Francesca TENTORIO,IT,42,F,40-44W,,https://utmb.world/runner/3152119.francesca.tentorio,635.0,,,,00:00:00,0.0,False,np,
11,Nuno MARQUES,PT,39,H,35-39M,Olímpico Vianense,https://utmb.world/runner/4194236.nuno.marques,796.0,,,,00:00:00,0.0,False,np,
75,Stefano CALDERONI,IT,39,H,35-39M,Runaway Milano ASD,https://utmb.world/runner/2246277.stefano.calderoni,650.0,,,,00:00:00,0.0,False,np,
49,Fabio CAPUZZO,IT,40,H,40-44M,Bolf Team,https://utmb.world/runner/3451881.fabio.capuzzo,695.0,,,,00:00:00,0.0,False,np,
69,François PELLAN,FR,45,H,45-49M,TEAM BERCI ON RUNNING,https://utmb.world/runner/419768.francois.pellan,661.0,,,,00:00:00,0.0,False,np,
89,Enea AMATO,IT,38,H,35-39M,Inrun,https://utmb.world/runner/117884.enea.amato,636.0,,,,00:00:00,0.0,False,np,
116,Benoit CHABOD,IT,24,H,20-34M,Forza Gressan,https://utmb.world/runner/3093387.benoit.chabod,618.0,,,,00:00:00,0.0,False,np,
100,Thomas LACROIX,FR,32,H,20-34M,,https://utmb.world/runner/1246413.thomas.lacroix,627.0,,,,00:00:00,0.0,False,np,
132,Luca MARTINA,IT,44,H,40-44M,Sport club angrogna a.s.d.,https://utmb.world/runner/4565246.luca.martina,606.0,,,,00:00:00,0.0,False,np,
147,Francesca PICCININ,IT,44,F,40-44W,G.S.D. VALDALPONE DE MEGNI,https://utmb.world/runner/2624889.francesca.piccinin,592.0,,,,00:00:00,0.0,False,np,
163,Lorenzo BIANCHI,IT,38,H,35-39M,,https://utmb.world/runner/2259131.lorenzo.bianchi,585.0,,,,00:00:00,0.0,False,np,
134,Cristian LACROCE,IT,47,H,45-49M,G.A.S.M.,https://utmb.world/runner/5485670.cristian.lacroce,606.0,,,,00:00:00,0.0,False,np,
179,Marco CERUTTI,IT,42,H,40-44M,,https://utmb.world/runner/1056153.marco.cerutti,576.0,,,,00:00:00,0.0,False,np,
195,Paolo GRIBAUDI,IT,61,H,60-64M,,https://utmb.world/runner/751732.paolo.gribaudi,564.0,,,,00:00:00,0.0,False,np,
212,Mike MÜLLER,DE,50,H,50-54M,HartfüsslerTrail e.V.,https://utmb.world/runner/4184393.mike.muller,561.0,,,,00:00:00,0.0,False,np,
176,Giorgio CARNEVALI,IT,54,H,50-54M,,https://utmb.world/runner/3460065.giorgio.carnevali,576.0,,,,00:00:00,0.0,False,np,
220,Aline DALBARD,IT,36,F,35-39W,,https://utmb.world/runner/2977423.aline.dalbard,558.0,,,,00:00:00,0.0,False,np,
225,Martin KIRBY,IE,35,H,35-39M,Fitness goose running club,https://utmb.world/runner/4457396.martin.kirby,559.0,,,,00:00:00,0.0,False,np,
224,Daniele TONTI,IT,48,H,45-49M,G.P.A. San Marino,https://utmb.world/runner/653760.daniele.tonti,558.0,,,,00:00:00,0.0,False,np,
216,Boris FOUQUET,FR,35,H,35-39M,DUC ARMY,https://utmb.world/runner/3334203.boris.fouquet,560.0,,,,00:00:00,0.0,False,np,
232,Filippo DEL MORO,IT,37,H,35-39M,,https://utmb.world/runner/5632540.filippo.delmoro,553.0,,,,00:00:00,0.0,False,np,
262,Matteo VALLET,IT,38,H,35-39M,Squali della notte,https://utmb.world/runner/2194861.matteo.vallet,541.0,,,,00:00:00,0.0,False,np,
247,Alex BANDIERI,IT,38,H,35-39M,TEAM NOLIMITS,https://utmb.world/runner/3487557.alex.bandieri,548.0,,,,00:00:00,0.0,False,np,
258,Alan ALESSANDRINI,IT,44,H,40-44M,Asd Cinghiali Randagi,https://utmb.world/runner/1877007.alan.alessandrini,543.0,,,,00:00:00,0.0,False,np,
287,Sam KHALID,GB,39,H,35-39M,SAM,https://utmb.world/runner/5625937.sam.khalid,535.0,,,,00:00:00,0.0,False,np,
264,Antonio LATORRE,IT,35,H,35-39M,Runaway Milano ASD,https://utmb.world/runner/4465722.antonio.latorre,541.0,,,,00:00:00,0.0,False,np,
282,Isabella MARTI,CH,44,F,40-44W,Trailmaniacs Solothurn,https://utmb.world/runner/4219331.isabella.marti,525.0,,,,00:00:00,0.0,False,np,
299,Carole COMBET,FR,41,F,40-44W,Amslf Trail,https://utmb.world/runner/1531341.carole.combet,525.0,,,,00:00:00,0.0,False,np,
310,Elvira Mattia GALATI,IT,47,F,45-49W,Etna Trail ASD,https://utmb.world/runner/3248251.elviramattia.galati,519.0,,,,00:00:00,0.0,False,np,
289,Piero BARMASSE,IT,62,H,60-64M,,https://utmb.world/runner/475502.piero.barmasse,,,,,00:00:00,0.0,False,np,
306,Gianluigi TRECCANI,IT,37,H,35-39M,Trail running Brescia,https://utmb.world/runner/2031639.gianluigi.treccani,524.0,,,,00:00:00,0.0,False,np,
337,Luca PASCAL,IT,53,H,50-54M,,https://utmb.world/runner/3460091.luca.pascal,507.0,,,,00:00:00,0.0,False,np,
312,Massimiliano VECCHI,IT,39,H,35-39M,"ASD 3'.30"" TEAM",https://utmb.world/runner/4524870.massimiliano.vecchi,517.0,,,,00:00:00,0.0,False,np,
360,Stefano GRILLO,IT,25,H,20-34M,Modena Runners Club,https://utmb.world/runner/4104319.stefano.grillo,503.0,,,,00:00:00,0.0,False,np,
368,Michele COLOMBO,IT,50,H,50-54M,TEAM ONDAVERDE,https://utmb.world/runner/6673507.michele.colombo,500.0,,,,00:00:00,0.0,False,np,
385,Timothée DUMAS,FR,22,H,20-34M,,https://utmb.world/runner/4552172.timothee.dumas,489.0,,,,00:00:00,0.0,False,np,
391,Robert SJÖLUND,FI,49,H,45-49M,Hommas Trail Runners,https://utmb.world/runner/905217.robert.sjolund,488.0,,,,00:00:00,0.0,False,np,
403,Guillaume BOURLET,FR,42,H,40-44M,Sport Santé Louis Blanc,https://utmb.world/runner/4258063.guillaume.bourlet,484.0,,,,00:00:00,0.0,False,np,
412,Davide BERTAGNOLI,IT,43,H,40-44M,,https://utmb.world/runner/2537065.davide.bertagnoli,479.0,,,,00:00:00,0.0,False,np,
367,Marc SENEGACNIK,FR,34,H,20-34M,,https://utmb.world/runner/1960919.marc.senegacnik,489.0,,,,00:00:00,0.0,False,np,
415,Christophe CENS,FR,53,H,50-54M,,https://utmb.world/runner/79489.christophe.cens,479.0,,,,00:00:00,0.0,False,np,
408,Marius Alin BEJINARIU,RO,41,H,40-44M,,https://utmb.world/runner/4565190.mariusalin.bejinariu,482.0,,,,00:00:00,0.0,False,np,
435,Laurene LOISTRON,FR,39,F,35-39W,,https://utmb.world/runner/5140152.laurene.loistron,465.0,,,,00:00:00,0.0,False,np,
432,Alessandro FONTANELLE,IT,43,H,40-44M,La Terra di Mezzo,https://utmb.world/runner/478635.alessandro.fontanelle,467.0,,,,00:00:00,0.0,False,np,
416,Martin MARTINOV,BG,41,H,40-44M,,https://utmb.world/runner/821112.martin.martinov,478.0,,,,00:00:00,0.0,False,np,
457,Friederike EBERHAGEN,DE,39,F,35-39W,,https://utmb.world/runner/5494373.friederike.eberhagen,453.0,,,,00:00:00,0.0,False,np,
462,Alessandro REATI,IT,59,H,55-59M,Run Card ,https://utmb.world/runner/807174.alessandro.reati,451.0,,,,00:00:00,0.0,False,np,
446,Pierre CHARLOT,BE,52,H,50-54M,CMBM,https://utmb.world/runner/481456.pierre.charlot,441.0,,,,00:00:00,0.0,False,np,
443,Nicola BAUCE,IT,51,H,50-54M,,https://utmb.world/runner/2194279.nicola.bauce,459.0,,,,00:00:00,0.0,False,np,
476,Ronny HOLZ AUF DER HEIDE,DE,46,H,45-49M,IG Trailrunning im Taunus,https://utmb.world/runner/5058101.ronny.holzaufderheide,445.0,,,,00:00:00,0.0,False,np,
458,Jan BUSSE,DE,53,H,50-54M,,https://utmb.world/runner/5670252.jan.busse,453.0,,,,00:00:00,0.0,False,np,
472,Armand LUCOT,IT,45,H,45-49M,,https://utmb.world/runner/2587997.armand.lucot,446.0,,,,00:00:00,0.0,False,np,
423,Andrea SCHIFONE,IT,39,H,35-39M,A.S.D. Survival Trail Runners,https://utmb.world/runner/5563507.andrea.schifone,472.0,,,,00:00:00,0.0,False,np,
501,Simon WURM-WOLFSGRUBER,AT,41,H,40-44M,Auspoteam,https://utmb.world/runner/2211381.simon.wurmwolfsgruber,417.0,,,,00:00:00,0.0,False,np,
499,Koji HAYASHI,JP,54,H,50-54M,,https://utmb.world/runner/695764.koji.hayashi,424.0,,,,00:00:00,0.0,False,np,
512,Roberto CALDAN,IT,63,H,60-64M,,https://utmb.world/runner/468225.roberto.caldan,402.0,,,,00:00:00,0.0,False,np,
508,Mathieu BLANCHOD,IT,48,H,45-49M,,https://utmb.world/runner/4414104.mathieu.blanchod,411.0,,,,00:00:00,0.0,False,np,
496,Piercarlo FORNERIS,IT,56,H,55-59M,,https://utmb.world/runner/60367.piercarlo.forneris,427.0,,,,00:00:00,0.0,False,np,
521,Antonio ALVES,PT,54,H,50-54M,We Run,https://utmb.world/runner/204371.antonio.alves,399.0,,,,00:00:00,0.0,False,np,
517,Massimo RAPETTI,IT,46,H,45-49M,Corro Ergo Sum,https://utmb.world/runner/2194783.massimo.rapetti,,,,,00:00:00,0.0,False,np,
523,Patrick BAGNOD,IT,40,H,40-44M,,https://utmb.world/runner/6413700.patrick.bagnod,397.0,,,,00:00:00,0.0,False,np,
526,Luca NICOLINA,IT,60,H,60-64M,A.S.D. TRAIL MONTE CASTO - BESTIE BARBUTE,https://utmb.world/runner/1098059.luca.nicolina,390.0,,,,00:00:00,0.0,False,np,
537,Claudio DISTORT,IT,60,H,60-64M,,https://utmb.world/runner/1718575.claudio.distort,,,,,00:00:00,0.0,False,np,
540,Donato SQUARA,IT,69,H,65-69M,Courmayeur Trailers,https://utmb.world/runner/195892.donato.squara,,,,,00:00:00,0.0,False,np,
535,Matteo CHATRIAN,IT,44,H,40-44M,LE-S-AMI DE LA CRUE' TORGNON - STUDIO HRS TEAM,https://utmb.world/runner/673487.matteo.chatrian,,,,,00:00:00,0.0,False,np,
519,Marc STAMPFLER,FR,59,H,55-59M,Beyond the Limits,https://utmb.world/runner/4462914.marc.stampfler,399.0,,,,00:00:00,0.0,False,np,
545,Evan AGUZZI,CH,28,H,20-34M,,https://utmb.world/runner/6541309.evan.aguzzi,,,,,00:00:00,0.0,False,np,
531,Serge DUFRANE,BE,46,H,45-49M,TNTB,https://utmb.world/runner/481658.serge.dufrane,368.0,,,,00:00:00,0.0,False,np,
538,Riccardo TIOTTO,IT,54,H,50-54M,Indipendente,https://utmb.world/runner/541957.riccardo.tiotto,,,,,00:00:00,0.0,False,np,
543,Igor RUBBO,IT,56,H,55-59M,ASD Lo Contradandje,https://utmb.world/runner/10238.igor.rubbo,,,,,00:00:00,0.0,False,np,
547,Piero SARVADON,IT,59,H,55-59M,InRun,https://utmb.world/runner/117736.piero.sarvadon,,,,,00:00:00,0.0,False,np,
544,Claudio DURAND,IT,60,H,60-64M,,https://utmb.world/runner/807236.claudio.durand,,,,,00:00:00,0.0,False,np,
554,Orlando CHAUSSOD,IT,55,H,55-59M,DOCEO TECHNOSPORT,https://utmb.world/runner/1461523.orlando.chaussod,,,,,00:00:00,0.0,False,np,
528,Alida FOUDON,IT,49,F,45-49W,ASD INRUN,https://utmb.world/runner/986773.alida.foudon,387.0,,,,00:00:00,0.0,False,np,
562,Gerard THUEGAZ,IT,45,H,45-49M,INRUN SCOTT,https://utmb.world/runner/59361.gerard.thuegaz,,,,,00:00:00,0.0,False,np,
546,Alexandre BRETON,FR,38,H,35-39M,,https://utmb.world/runner/6543653.alexandre.breton,,,,,00:00:00,0.0,False,np,
